# started on Tue Aug 30 23:44:57 2022

     1.001028678,9738652465,,instructions,0.00%,109332739,10.92,3.37,insn per cycle
     1.001028678,1917328332,,branches,0.00%,150072153,15.00,1916.081,M/sec
     1.001028678,7775986,,branch-misses,0.00%,189256534,18.91,0.41,of all branches
     1.001028678,7775861,,branch-load-misses,0.00%,193232047,19.31,7.771,M/sec
     1.001028678,5932,,cache-misses,0.00%,197204044,19.71,0.054,of all cache refs
     1.001028678,10897513,,cache-references,0.00%,159207550,15.91,10.890,M/sec
     1.001028678,2892716939,,cycles,0.00%,159997053,15.99,2.891,GHz
     1.001028678,0,,context-switches,0.00%,1000684495,100.00,0.000,K/sec
     1.001028678,1000.670775,,cpu-clock,0.00%,1000670565,100.00,1.001,CPUs utilized
     1.001028678,0,,minor-faults,0.00%,1000659895,100.00,0.000,K/sec
     1.001028678,0,,page-faults,0.00%,1000645894,100.00,0.000,K/sec
     1.001028678,1000.631385,,task-clock,0.00%,1000631278,100.00,1.001,CPUs utilized
     1.001028678,99742786,,bus-cycles,0.00%,160001777,15.99,99.678,M/sec
     1.001028678,2593526574,,ref-cycles,0.00%,200003484,19.99,2591.839,M/sec
     1.001028678,11679411,,L1-dcache-load-misses,0.00%,199988837,19.99,0.39,of all L1-dcache hits
     1.001028678,2985201981,,L1-dcache-loads,0.00%,184000508,18.39,2983.260,M/sec
     1.001028678,178853573,,L1-dcache-stores,0.00%,80009841,8.00,178.737,M/sec
     1.001028678,43944,,L1-icache-load-misses,0.00%,80004491,8.00,,
     1.001028678,3289,,LLC-load-misses,0.00%,79991526,8.00,0.05,of all LL-cache hits
     1.001028678,200,,LLC-store-misses,0.00%,119998383,11.99,0.200,K/sec
     1.001028678,4484861,,LLC-stores,0.00%,79999614,8.00,4.482,M/sec
     1.001028678,6355128,,LLC-loads,0.00%,79598523,7.96,6.351,M/sec
     1.001028678,174111888,,dTLB-stores,0.00%,75625660,7.56,173.999,M/sec
     1.001028678,7642,,dTLB-load-misses,0.00%,71999032,7.20,,
     1.001028678,0,,dTLB-store-misses,0.00%,71994665,7.20,0.000,K/sec
     1.001028678,37,,iTLB-loads,0.00%,107997286,10.80,0.037,K/sec
     1.001028678,188,,iTLB-load-misses,0.00%,143993047,14.39,508.11,of all iTLB cache hits
     1.001028678,104,,node-load-misses,0.00%,144878105,14.48,0.104,K/sec
     1.001028678,3626,,node-loads,0.00%,143997174,14.40,0.004,M/sec
     1.001028678,0,,node-store-misses,0.00%,71122890,7.11,0.000,K/sec
     1.001028678,14,,node-stores,0.00%,72005940,7.20,0.014,K/sec
     2.001296529,9715866625,,instructions,0.00%,119989582,12.00,3.36,insn per cycle
     2.001296529,1918809188,,branches,0.00%,159994813,16.00,1917.934,M/sec
     2.001296529,7636082,,branch-misses,0.00%,199993975,19.99,0.40,of all branches
     2.001296529,7636335,,branch-load-misses,0.00%,200004200,19.99,7.633,M/sec
     2.001296529,4391,,cache-misses,0.00%,199989875,19.99,0.040,of all cache refs
     2.001296529,10975692,,cache-references,0.00%,159990005,15.99,10.971,M/sec
     2.001296529,2891702437,,cycles,0.00%,159799622,15.98,2.890,GHz
     2.001296529,1,,context-switches,0.00%,1000261439,100.00,0.001,K/sec
     2.001296529,1000.262724,,cpu-clock,0.00%,1000261845,100.00,1.000,CPUs utilized
     2.001296529,0,,minor-faults,0.00%,1000259268,100.00,0.000,K/sec
     2.001296529,0,,page-faults,0.00%,1000259518,100.00,0.000,K/sec
     2.001296529,1000.260253,,task-clock,0.00%,1000260253,100.00,1.000,CPUs utilized
     2.001296529,99716567,,bus-cycles,0.00%,155850199,15.58,99.671,M/sec
     2.001296529,2592861872,,ref-cycles,0.00%,191850392,19.18,2591.679,M/sec
     2.001296529,11655806,,L1-dcache-load-misses,0.00%,187858856,18.78,0.39,of all L1-dcache hits
     2.001296529,2955060152,,L1-dcache-loads,0.00%,183871243,18.38,2953.712,M/sec
     2.001296529,179014359,,L1-dcache-stores,0.00%,72001716,7.20,178.933,M/sec
     2.001296529,35711,,L1-icache-load-misses,0.00%,72881952,7.29,,
     2.001296529,3251,,LLC-load-misses,0.00%,71988938,7.20,0.05,of all LL-cache hits
     2.001296529,463,,LLC-store-misses,0.00%,107991705,10.80,0.463,K/sec
     2.001296529,4537872,,LLC-stores,0.00%,72011579,7.20,4.536,M/sec
     2.001296529,6453366,,LLC-loads,0.00%,72383493,7.24,6.450,M/sec
     2.001296529,176132689,,dTLB-stores,0.00%,77242299,7.72,176.052,M/sec
     2.001296529,5725,,dTLB-load-misses,0.00%,80017472,8.00,,
     2.001296529,417,,dTLB-store-misses,0.00%,79124301,7.91,0.417,K/sec
     2.001296529,76,,iTLB-loads,0.00%,119124900,11.91,0.076,K/sec
     2.001296529,333,,iTLB-load-misses,0.00%,159120289,15.91,589.38,of all iTLB cache hits
     2.001296529,113,,node-load-misses,0.00%,159985312,15.99,0.113,K/sec
     2.001296529,3157,,node-loads,0.00%,160013440,16.00,0.003,M/sec
     2.001296529,0,,node-store-misses,0.00%,80000337,8.00,0.000,K/sec
     2.001296529,38,,node-stores,0.00%,79995022,8.00,0.038,K/sec
     3.001533252,9724749520,,instructions,0.00%,107986796,10.80,3.36,insn per cycle
     3.001533252,1921315509,,branches,0.00%,143993051,14.40,1920.581,M/sec
     3.001533252,7709480,,branch-misses,0.00%,180947583,18.09,0.40,of all branches
     3.001533252,7703266,,branch-load-misses,0.00%,180002313,18.00,7.700,M/sec
     3.001533252,3895,,cache-misses,0.00%,179994865,18.00,0.036,of all cache refs
     3.001533252,10869423,,cache-references,0.00%,143994631,14.40,10.865,M/sec
     3.001533252,2891660760,,cycles,0.00%,143239750,14.32,2.891,GHz
     3.001533252,0,,context-switches,0.00%,1000234482,100.00,0.000,K/sec
     3.001533252,1000.234740,,cpu-clock,0.00%,1000234743,100.00,1.000,CPUs utilized
     3.001533252,0,,minor-faults,0.00%,1000234764,100.00,0.000,K/sec
     3.001533252,0,,page-faults,0.00%,1000234697,100.00,0.000,K/sec
     3.001533252,1000.234724,,task-clock,0.00%,1000234678,100.00,1.000,CPUs utilized
     3.001533252,99718839,,bus-cycles,0.00%,149040137,14.90,99.681,M/sec
     3.001533252,2592896108,,ref-cycles,0.00%,188153241,18.81,2591.905,M/sec
     3.001533252,11670869,,L1-dcache-load-misses,0.00%,192143867,19.21,0.39,of all L1-dcache hits
     3.001533252,2968375140,,L1-dcache-loads,0.00%,196143555,19.61,2967.240,M/sec
     3.001533252,179167731,,L1-dcache-stores,0.00%,80001422,8.00,179.099,M/sec
     3.001533252,29996,,L1-icache-load-misses,0.00%,79996755,8.00,,
     3.001533252,2863,,LLC-load-misses,0.00%,80003047,8.00,0.04,of all LL-cache hits
     3.001533252,183,,LLC-store-misses,0.00%,120001186,12.00,0.183,K/sec
     3.001533252,4579861,,LLC-stores,0.00%,79989889,8.00,4.578,M/sec
     3.001533252,6469929,,LLC-loads,0.00%,80001205,8.00,6.467,M/sec
     3.001533252,179055062,,dTLB-stores,0.00%,80010212,8.00,178.987,M/sec
     3.001533252,4001,,dTLB-load-misses,0.00%,79998254,8.00,,
     3.001533252,225,,dTLB-store-misses,0.00%,79994180,8.00,0.225,K/sec
     3.001533252,25,,iTLB-loads,0.00%,119993848,12.00,0.025,K/sec
     3.001533252,300,,iTLB-load-misses,0.00%,160000973,16.00,652.17,of all iTLB cache hits
     3.001533252,31,,node-load-misses,0.00%,160004258,16.00,0.031,K/sec
     3.001533252,2761,,node-loads,0.00%,156148822,15.61,0.003,M/sec
     3.001533252,361,,node-store-misses,0.00%,72137644,7.21,0.361,K/sec
     3.001533252,28,,node-stores,0.00%,71998685,7.20,0.028,K/sec
     4.001788903,9039227366,,instructions,0.00%,119113110,11.91,3.17,insn per cycle
     4.001788903,1790088487,,branches,0.00%,159109690,15.91,1789.460,M/sec
     4.001788903,7216473,,branch-misses,0.00%,199108946,19.91,0.38,of all branches
     4.001788903,7218659,,branch-load-misses,0.00%,200006772,20.00,7.216,M/sec
     4.001788903,2671,,cache-misses,0.00%,199998393,19.99,0.024,of all cache refs
     4.001788903,10938759,,cache-references,0.00%,160002489,16.00,10.935,M/sec
     4.001788903,2722056441,,cycles,0.00%,160002518,16.00,2.721,GHz
     4.001788903,0,,context-switches,0.00%,1000258357,100.00,0.000,K/sec
     4.001788903,1000.257678,,cpu-clock,0.00%,1000257678,100.00,1.000,CPUs utilized
     4.001788903,0,,minor-faults,0.00%,1000257696,100.00,0.000,K/sec
     4.001788903,0,,page-faults,0.00%,1000257697,100.00,0.000,K/sec
     4.001788903,1000.257567,,task-clock,0.00%,1000257565,100.00,1.000,CPUs utilized
     4.001788903,99694749,,bus-cycles,0.00%,159994276,16.00,99.660,M/sec
     4.001788903,2592245657,,ref-cycles,0.00%,200017998,20.00,2591.336,M/sec
     4.001788903,11769153,,L1-dcache-load-misses,0.00%,200003837,20.00,0.40,of all L1-dcache hits
     4.001788903,2718784357,,L1-dcache-loads,0.00%,200006266,20.00,2717.830,M/sec
     4.001788903,159685791,,L1-dcache-stores,0.00%,79995600,8.00,159.630,M/sec
     4.001788903,27310,,L1-icache-load-misses,0.00%,79990876,8.00,,
     4.001788903,3602,,LLC-load-misses,0.00%,76370319,7.64,0.06,of all LL-cache hits
     4.001788903,490,,LLC-store-misses,0.00%,112366014,11.23,0.490,K/sec
     4.001788903,4589060,,LLC-stores,0.00%,71988326,7.20,4.587,M/sec
     4.001788903,6477437,,LLC-loads,0.00%,71998297,7.20,6.475,M/sec
     4.001788903,168120175,,dTLB-stores,0.00%,72003728,7.20,168.061,M/sec
     4.001788903,4926,,dTLB-load-misses,0.00%,72890832,7.29,,
     4.001788903,556,,dTLB-store-misses,0.00%,71993321,7.20,0.556,K/sec
     4.001788903,111,,iTLB-loads,0.00%,107991414,10.80,0.111,K/sec
     4.001788903,577,,iTLB-load-misses,0.00%,143990969,14.40,926.91,of all iTLB cache hits
     4.001788903,35,,node-load-misses,0.00%,143108620,14.31,0.035,K/sec
     4.001788903,2280,,node-loads,0.00%,148752978,14.87,0.002,M/sec
     4.001788903,75,,node-store-misses,0.00%,79862688,7.98,0.075,K/sec
     4.001788903,215,,node-stores,0.00%,79111985,7.91,0.215,K/sec
     5.002090068,9730905430,,instructions,0.00%,120003106,12.00,3.40,insn per cycle
     5.002090068,1923725532,,branches,0.00%,160006469,16.00,1923.081,M/sec
     5.002090068,7667005,,branch-misses,0.00%,200008008,20.00,0.40,of all branches
     5.002090068,7744677,,branch-load-misses,0.00%,196609478,19.66,7.742,M/sec
     5.002090068,5246,,cache-misses,0.00%,192568837,19.25,0.049,of all cache refs
     5.002090068,10041806,,cache-references,0.00%,148571733,14.85,10.038,M/sec
     5.002090068,2891292494,,cycles,0.00%,144579265,14.45,2.890,GHz
     5.002090068,1,,context-switches,0.00%,1000264175,100.00,0.001,K/sec
     5.002090068,1000.268595,,cpu-clock,0.00%,1000268069,100.00,1.000,CPUs utilized
     5.002090068,0,,minor-faults,0.00%,1000271831,100.00,0.000,K/sec
     5.002090068,0,,page-faults,0.00%,1000275281,100.00,0.000,K/sec
     5.002090068,1000.275060,,task-clock,0.00%,1000275062,100.00,1.000,CPUs utilized
     5.002090068,99703013,,bus-cycles,0.00%,143950913,14.39,99.670,M/sec
     5.002090068,2592680460,,ref-cycles,0.00%,180962581,18.09,2591.811,M/sec
     5.002090068,10835895,,L1-dcache-load-misses,0.00%,179992675,17.99,0.37,of all L1-dcache hits
     5.002090068,2981846280,,L1-dcache-loads,0.00%,180013104,18.00,2980.847,M/sec
     5.002090068,179139084,,L1-dcache-stores,0.00%,72011755,7.20,179.079,M/sec
     5.002090068,31014,,L1-icache-load-misses,0.00%,71987987,7.20,,
     5.002090068,4107,,LLC-load-misses,0.00%,76474662,7.65,0.06,of all LL-cache hits
     5.002090068,597,,LLC-store-misses,0.00%,115641326,11.56,0.597,K/sec
     5.002090068,4283056,,LLC-stores,0.00%,79162729,7.91,4.282,M/sec
     5.002090068,6153911,,LLC-loads,0.00%,79995234,8.00,6.152,M/sec
     5.002090068,178959038,,dTLB-stores,0.00%,80011990,8.00,178.899,M/sec
     5.002090068,713,,dTLB-load-misses,0.00%,80004337,8.00,,
     5.002090068,250,,dTLB-store-misses,0.00%,79992377,8.00,0.250,K/sec
     5.002090068,17,,iTLB-loads,0.00%,119998796,12.00,0.017,K/sec
     5.002090068,306,,iTLB-load-misses,0.00%,159989685,15.99,575.19,of all iTLB cache hits
     5.002090068,213,,node-load-misses,0.00%,159978582,15.99,0.213,K/sec
     5.002090068,4021,,node-loads,0.00%,159967447,15.99,0.004,M/sec
     5.002090068,0,,node-store-misses,0.00%,79995063,8.00,0.000,K/sec
     5.002090068,425,,node-stores,0.00%,80005854,8.00,0.425,K/sec
     6.002353025,9521960971,,instructions,0.00%,107996362,10.80,3.33,insn per cycle
     6.002353025,1891992166,,branches,0.00%,143991670,14.40,1891.397,M/sec
     6.002353025,7562915,,branch-misses,0.00%,179984902,17.99,0.40,of all branches
     6.002353025,7627365,,branch-load-misses,0.00%,183305578,18.33,7.625,M/sec
     6.002353025,5385,,cache-misses,0.00%,187424004,18.74,0.050,of all cache refs
     6.002353025,10392186,,cache-references,0.00%,155405392,15.54,10.389,M/sec
     6.002353025,2891638122,,cycles,0.00%,159393119,15.94,2.891,GHz
     6.002353025,2,,context-switches,0.00%,1000219069,100.00,0.002,K/sec
     6.002353025,1000.216101,,cpu-clock,0.00%,1000214908,100.00,1.000,CPUs utilized
     6.002353025,0,,minor-faults,0.00%,1000211189,100.00,0.000,K/sec
     6.002353025,0,,page-faults,0.00%,1000207938,100.00,0.000,K/sec
     6.002353025,1000.207510,,task-clock,0.00%,1000207509,100.00,1.000,CPUs utilized
     6.002353025,99705608,,bus-cycles,0.00%,159127474,15.91,99.674,M/sec
     6.002353025,2592679864,,ref-cycles,0.00%,199130268,19.91,2591.864,M/sec
     6.002353025,11252488,,L1-dcache-load-misses,0.00%,199989674,19.99,0.38,of all L1-dcache hits
     6.002353025,2986054401,,L1-dcache-loads,0.00%,199996740,20.00,2985.115,M/sec
     6.002353025,178688136,,L1-dcache-stores,0.00%,79997087,8.00,178.632,M/sec
     6.002353025,30280,,L1-icache-load-misses,0.00%,80002919,8.00,,
     6.002353025,3251,,LLC-load-misses,0.00%,79996572,8.00,0.05,of all LL-cache hits
     6.002353025,267,,LLC-store-misses,0.00%,119996646,12.00,0.267,K/sec
     6.002353025,4320621,,LLC-stores,0.00%,79998576,8.00,4.319,M/sec
     6.002353025,6123268,,LLC-loads,0.00%,79992598,8.00,6.121,M/sec
     6.002353025,178846654,,dTLB-stores,0.00%,79997312,8.00,178.790,M/sec
     6.002353025,525,,dTLB-load-misses,0.00%,80007740,8.00,,
     6.002353025,559,,dTLB-store-misses,0.00%,76978607,7.70,0.559,K/sec
     6.002353025,89,,iTLB-loads,0.00%,112931634,11.29,0.089,K/sec
     6.002353025,611,,iTLB-load-misses,0.00%,148929791,14.89,1032.68,of all iTLB cache hits
     6.002353025,890,,node-load-misses,0.00%,144953882,14.49,0.890,K/sec
     6.002353025,3815,,node-loads,0.00%,143947386,14.39,0.004,M/sec
     6.002353025,69,,node-store-misses,0.00%,72961820,7.29,0.069,K/sec
     6.002353025,945,,node-stores,0.00%,71997032,7.20,0.945,K/sec
     7.002619119,9645865619,,instructions,0.00%,120007234,12.00,3.36,insn per cycle
     7.002619119,1908636372,,branches,0.00%,159997310,16.00,1908.049,M/sec
     7.002619119,7650187,,branch-misses,0.00%,199996834,19.99,0.40,of all branches
     7.002619119,7650893,,branch-load-misses,0.00%,199995735,19.99,7.649,M/sec
     7.002619119,3071,,cache-misses,0.00%,199990104,19.99,0.029,of all cache refs
     7.002619119,10965947,,cache-references,0.00%,160004472,16.00,10.963,M/sec
     7.002619119,2891887951,,cycles,0.00%,159995111,16.00,2.891,GHz
     7.002619119,0,,context-switches,0.00%,1000266418,100.00,0.000,K/sec
     7.002619119,1000.266546,,cpu-clock,0.00%,1000266540,100.00,1.000,CPUs utilized
     7.002619119,0,,minor-faults,0.00%,1000267417,100.00,0.000,K/sec
     7.002619119,0,,page-faults,0.00%,1000267002,100.00,0.000,K/sec
     7.002619119,1000.268727,,task-clock,0.00%,1000268727,100.00,1.000,CPUs utilized
     7.002619119,99720524,,bus-cycles,0.00%,160000853,16.00,99.690,M/sec
     7.002619119,2593013013,,ref-cycles,0.00%,199999279,19.99,2592.215,M/sec
     7.002619119,11731960,,L1-dcache-load-misses,0.00%,197189350,19.71,0.40,of all L1-dcache hits
     7.002619119,2962055845,,L1-dcache-loads,0.00%,193180415,19.31,2961.144,M/sec
     7.002619119,178950370,,L1-dcache-stores,0.00%,71986874,7.20,178.895,M/sec
     7.002619119,29691,,L1-icache-load-misses,0.00%,71994846,7.20,,
     7.002619119,2515,,LLC-load-misses,0.00%,72001126,7.20,0.04,of all LL-cache hits
     7.002619119,422,,LLC-store-misses,0.00%,108978245,10.89,0.422,K/sec
     7.002619119,4430452,,LLC-stores,0.00%,71996211,7.20,4.429,M/sec
     7.002619119,6502900,,LLC-loads,0.00%,71025397,7.10,6.501,M/sec
     7.002619119,179075671,,dTLB-stores,0.00%,72001957,7.20,179.021,M/sec
     7.002619119,514,,dTLB-load-misses,0.00%,71991037,7.20,,
     7.002619119,145,,dTLB-store-misses,0.00%,75953977,7.59,0.145,K/sec
     7.002619119,148,,iTLB-loads,0.00%,115056463,11.50,0.148,K/sec
     7.002619119,710,,iTLB-load-misses,0.00%,155038856,15.50,988.07,of all iTLB cache hits
     7.002619119,113,,node-load-misses,0.00%,159044406,15.90,0.113,K/sec
     7.002619119,3238,,node-loads,0.00%,159106864,15.91,0.003,M/sec
     7.002619119,0,,node-store-misses,0.00%,80004613,8.00,0.000,K/sec
     7.002619119,313,,node-stores,0.00%,80008801,8.00,0.313,K/sec
     8.002885808,9518114965,,instructions,0.00%,113362220,11.33,3.32,insn per cycle
     8.002885808,1888537793,,branches,0.00%,149384135,14.93,1887.966,M/sec
     8.002885808,7721305,,branch-misses,0.00%,185380977,18.53,0.41,of all branches
     8.002885808,7722627,,branch-load-misses,0.00%,181384040,18.13,7.720,M/sec
     8.002885808,3118,,cache-misses,0.00%,180944626,18.09,0.029,of all cache refs
     8.002885808,10924240,,cache-references,0.00%,143989477,14.40,10.921,M/sec
     8.002885808,2891807870,,cycles,0.00%,143999506,14.40,2.891,GHz
     8.002885808,0,,context-switches,0.00%,1000269197,100.00,0.000,K/sec
     8.002885808,1000.269181,,cpu-clock,0.00%,1000269182,100.00,1.000,CPUs utilized
     8.002885808,0,,minor-faults,0.00%,1000268097,100.00,0.000,K/sec
     8.002885808,0,,page-faults,0.00%,1000268577,100.00,0.000,K/sec
     8.002885808,1000.267313,,task-clock,0.00%,1000267319,100.00,1.000,CPUs utilized
     8.002885808,99716531,,bus-cycles,0.00%,144002538,14.40,99.686,M/sec
     8.002885808,2592941525,,ref-cycles,0.00%,179999020,18.00,2592.156,M/sec
     8.002885808,11905714,,L1-dcache-load-misses,0.00%,182822364,18.28,0.41,of all L1-dcache hits
     8.002885808,2957357167,,L1-dcache-loads,0.00%,186822841,18.68,2956.461,M/sec
     8.002885808,176193669,,L1-dcache-stores,0.00%,79046413,7.90,176.140,M/sec
     8.002885808,30557,,L1-icache-load-misses,0.00%,80003716,8.00,,
     8.002885808,2063,,LLC-load-misses,0.00%,79997183,8.00,0.03,of all LL-cache hits
     8.002885808,17,,LLC-store-misses,0.00%,119994857,12.00,0.017,K/sec
     8.002885808,4521903,,LLC-stores,0.00%,79997280,8.00,4.521,M/sec
     8.002885808,6399885,,LLC-loads,0.00%,80003865,8.00,6.398,M/sec
     8.002885808,179098551,,dTLB-stores,0.00%,79996708,8.00,179.044,M/sec
     8.002885808,500,,dTLB-load-misses,0.00%,80001095,8.00,,
     8.002885808,0,,dTLB-store-misses,0.00%,80012759,8.00,0.000,K/sec
     8.002885808,42,,iTLB-loads,0.00%,120016251,12.00,0.042,K/sec
     8.002885808,275,,iTLB-load-misses,0.00%,160001677,16.00,403.67,of all iTLB cache hits
     8.002885808,25,,node-load-misses,0.00%,159995614,16.00,0.025,K/sec
     8.002885808,2720,,node-loads,0.00%,159992431,16.00,0.003,M/sec
     8.002885808,0,,node-store-misses,0.00%,80001393,8.00,0.000,K/sec
     8.002885808,452,,node-stores,0.00%,77515679,7.75,0.452,K/sec
     9.003147032,9533978828,,instructions,0.00%,114642997,11.46,3.32,insn per cycle
     9.003147032,1893153523,,branches,0.00%,154624806,15.46,1892.588,M/sec
     9.003147032,7599650,,branch-misses,0.00%,194625821,19.46,0.40,of all branches
     9.003147032,7603271,,branch-load-misses,0.00%,198620650,19.86,7.601,M/sec
     9.003147032,3888,,cache-misses,0.00%,199147935,19.91,0.036,of all cache refs
     9.003147032,10940126,,cache-references,0.00%,160009708,16.00,10.937,M/sec
     9.003147032,2891902860,,cycles,0.00%,160002314,16.00,2.891,GHz
     9.003147032,0,,context-switches,0.00%,1000264081,100.00,0.000,K/sec
     9.003147032,1000.263862,,cpu-clock,0.00%,1000263868,100.00,1.000,CPUs utilized
     9.003147032,0,,minor-faults,0.00%,1000263440,100.00,0.000,K/sec
     9.003147032,0,,page-faults,0.00%,1000262949,100.00,0.000,K/sec
     9.003147032,1000.262406,,task-clock,0.00%,1000262400,100.00,1.000,CPUs utilized
     9.003147032,99720015,,bus-cycles,0.00%,159988907,15.99,99.690,M/sec
     9.003147032,2593005649,,ref-cycles,0.00%,200000256,19.99,2592.232,M/sec
     9.003147032,11887486,,L1-dcache-load-misses,0.00%,199993537,19.99,0.40,of all L1-dcache hits
     9.003147032,2978487744,,L1-dcache-loads,0.00%,199996835,19.99,2977.599,M/sec
     9.003147032,176371453,,L1-dcache-stores,0.00%,79997934,8.00,176.319,M/sec
     9.003147032,29424,,L1-icache-load-misses,0.00%,79990817,8.00,,
     9.003147032,2613,,LLC-load-misses,0.00%,80000647,8.00,0.04,of all LL-cache hits
     9.003147032,8,,LLC-store-misses,0.00%,120004716,12.00,0.008,K/sec
     9.003147032,4447273,,LLC-stores,0.00%,77743952,7.77,4.446,M/sec
     9.003147032,6326279,,LLC-loads,0.00%,73731828,7.37,6.324,M/sec
     9.003147032,179072105,,dTLB-stores,0.00%,71985359,7.20,179.019,M/sec
     9.003147032,556,,dTLB-load-misses,0.00%,72020201,7.20,,
     9.003147032,0,,dTLB-store-misses,0.00%,72004449,7.20,0.000,K/sec
     9.003147032,92,,iTLB-loads,0.00%,108972576,10.89,0.092,K/sec
     9.003147032,674,,iTLB-load-misses,0.00%,143997612,14.40,952.28,of all iTLB cache hits
     9.003147032,76,,node-load-misses,0.00%,143981837,14.39,0.076,K/sec
     9.003147032,2709,,node-loads,0.00%,143996088,14.40,0.003,M/sec
     9.003147032,0,,node-store-misses,0.00%,71995000,7.20,0.000,K/sec
     9.003147032,199,,node-stores,0.00%,75353943,7.53,0.199,K/sec
    10.003402630,9639477753,,instructions,0.00%,120004604,12.00,3.35,insn per cycle
    10.003402630,1907396807,,branches,0.00%,160010082,16.00,1906.840,M/sec
    10.003402630,7659269,,branch-misses,0.00%,200003169,20.00,0.40,of all branches
    10.003402630,7661215,,branch-load-misses,0.00%,200004157,20.00,7.659,M/sec
    10.003402630,2961,,cache-misses,0.00%,199996878,19.99,0.027,of all cache refs
    10.003402630,10925025,,cache-references,0.00%,157916377,15.79,10.922,M/sec
    10.003402630,2891721452,,cycles,0.00%,153930236,15.39,2.891,GHz
    10.003402630,1,,context-switches,0.00%,1000229635,100.00,0.001,K/sec
    10.003402630,1000.230359,,cpu-clock,0.00%,1000229816,100.00,1.000,CPUs utilized
    10.003402630,0,,minor-faults,0.00%,1000229987,100.00,0.000,K/sec
    10.003402630,0,,page-faults,0.00%,1000230146,100.00,0.000,K/sec
    10.003402630,1000.230266,,task-clock,0.00%,1000230265,100.00,1.000,CPUs utilized
    10.003402630,99713302,,bus-cycles,0.00%,149949884,14.99,99.684,M/sec
    10.003402630,2592867074,,ref-cycles,0.00%,186746592,18.67,2592.111,M/sec
    10.003402630,11719292,,L1-dcache-load-misses,0.00%,181966123,18.19,0.40,of all L1-dcache hits
    10.003402630,2941336133,,L1-dcache-loads,0.00%,180962191,18.09,2940.478,M/sec
    10.003402630,173159320,,L1-dcache-stores,0.00%,72001821,7.20,173.109,M/sec
    10.003402630,31738,,L1-icache-load-misses,0.00%,71036237,7.10,,
    10.003402630,2125,,LLC-load-misses,0.00%,72012222,7.20,0.03,of all LL-cache hits
    10.003402630,102,,LLC-store-misses,0.00%,107980342,10.80,0.102,K/sec
    10.003402630,4494999,,LLC-stores,0.00%,75214468,7.52,4.494,M/sec
    10.003402630,6341974,,LLC-loads,0.00%,78275585,7.83,6.340,M/sec
    10.003402630,176036081,,dTLB-stores,0.00%,79032636,7.90,175.985,M/sec
    10.003402630,675,,dTLB-load-misses,0.00%,80004842,8.00,,
    10.003402630,0,,dTLB-store-misses,0.00%,79995392,8.00,0.000,K/sec
    10.003402630,8,,iTLB-loads,0.00%,119993175,12.00,0.008,K/sec
    10.003402630,300,,iTLB-load-misses,0.00%,160000632,16.00,465.12,of all iTLB cache hits
    10.003402630,44,,node-load-misses,0.00%,159988535,16.00,0.044,K/sec
    10.003402630,2432,,node-loads,0.00%,159992392,16.00,0.002,M/sec
    10.003402630,0,,node-store-misses,0.00%,79993280,8.00,0.000,K/sec
    10.003402630,13,,node-stores,0.00%,80005427,8.00,0.013,K/sec
    11.003653256,9509613502,,instructions,0.00%,108974159,10.89,3.31,insn per cycle
    11.003653256,1886729766,,branches,0.00%,143996014,14.40,1886.187,M/sec
    11.003653256,7727482,,branch-misses,0.00%,179998453,18.00,0.41,of all branches
    11.003653256,7730017,,branch-load-misses,0.00%,179999004,18.00,7.728,M/sec
    11.003653256,2962,,cache-misses,0.00%,180011137,18.00,0.027,of all cache refs
    11.003653256,11031293,,cache-references,0.00%,147056432,14.70,11.028,M/sec
    11.003653256,2891889373,,cycles,0.00%,150091361,15.01,2.891,GHz
    11.003653256,0,,context-switches,0.00%,1000250394,100.00,0.000,K/sec
    11.003653256,1000.250305,,cpu-clock,0.00%,1000250311,100.00,1.000,CPUs utilized
    11.003653256,0,,minor-faults,0.00%,1000250108,100.00,0.000,K/sec
    11.003653256,0,,page-faults,0.00%,1000250296,100.00,0.000,K/sec
    11.003653256,1000.250425,,task-clock,0.00%,1000250426,100.00,1.000,CPUs utilized
    11.003653256,99718913,,bus-cycles,0.00%,154051918,15.40,99.690,M/sec
    11.003653256,2592982448,,ref-cycles,0.00%,194048097,19.40,2592.236,M/sec
    11.003653256,11890804,,L1-dcache-load-misses,0.00%,198028488,19.80,0.40,of all L1-dcache hits
    11.003653256,2976053533,,L1-dcache-loads,0.00%,199035191,19.90,2975.197,M/sec
    11.003653256,176359241,,L1-dcache-stores,0.00%,80008274,8.00,176.308,M/sec
    11.003653256,30595,,L1-icache-load-misses,0.00%,80000388,8.00,,
    11.003653256,2639,,LLC-load-misses,0.00%,79987033,8.00,0.04,of all LL-cache hits
    11.003653256,0,,LLC-store-misses,0.00%,119983540,12.00,0.000,K/sec
    11.003653256,4598112,,LLC-stores,0.00%,80003657,8.00,4.597,M/sec
    11.003653256,6398061,,LLC-loads,0.00%,80018602,8.00,6.396,M/sec
    11.003653256,176391397,,dTLB-stores,0.00%,79995992,8.00,176.341,M/sec
    11.003653256,1125,,dTLB-load-misses,0.00%,79985863,8.00,,
    11.003653256,13,,dTLB-store-misses,0.00%,79995705,8.00,0.013,K/sec
    11.003653256,17,,iTLB-loads,0.00%,120001733,12.00,0.017,K/sec
    11.003653256,480,,iTLB-load-misses,0.00%,158265955,15.82,797.58,of all iTLB cache hits
    11.003653256,584,,node-load-misses,0.00%,154251287,15.42,0.584,K/sec
    11.003653256,2569,,node-loads,0.00%,150268186,15.02,0.003,M/sec
    11.003653256,0,,node-store-misses,0.00%,72004814,7.20,0.000,K/sec
    11.003653256,14,,node-stores,0.00%,72001251,7.20,0.014,K/sec
    12.003908479,9726631532,,instructions,0.00%,120003123,12.00,3.38,insn per cycle
    12.003908479,1905180571,,branches,0.00%,160015606,16.00,1904.637,M/sec
    12.003908479,7646312,,branch-misses,0.00%,200001067,20.00,0.40,of all branches
    12.003908479,7646732,,branch-load-misses,0.00%,199998789,19.99,7.645,M/sec
    12.003908479,2886,,cache-misses,0.00%,200000710,20.00,0.027,of all cache refs
    12.003908479,11089239,,cache-references,0.00%,159988285,15.99,11.086,M/sec
    12.003908479,2891858614,,cycles,0.00%,160012258,16.00,2.891,GHz
    12.003908479,0,,context-switches,0.00%,1000255675,100.00,0.000,K/sec
    12.003908479,1000.255616,,cpu-clock,0.00%,1000255609,100.00,1.000,CPUs utilized
    12.003908479,0,,minor-faults,0.00%,1000256094,100.00,0.000,K/sec
    12.003908479,0,,page-faults,0.00%,1000255950,100.00,0.000,K/sec
    12.003908479,1000.257080,,task-clock,0.00%,1000257080,100.00,1.000,CPUs utilized
    12.003908479,99718805,,bus-cycles,0.00%,160000018,16.00,99.690,M/sec
    12.003908479,2592979886,,ref-cycles,0.00%,199997514,19.99,2592.240,M/sec
    12.003908479,11908385,,L1-dcache-load-misses,0.00%,200003144,20.00,0.40,of all L1-dcache hits
    12.003908479,2977624860,,L1-dcache-loads,0.00%,199998339,19.99,2976.775,M/sec
    12.003908479,173493433,,L1-dcache-stores,0.00%,78489106,7.85,173.444,M/sec
    12.003908479,33845,,L1-icache-load-misses,0.00%,74476001,7.45,,
    12.003908479,2390,,LLC-load-misses,0.00%,71982983,7.20,0.04,of all LL-cache hits
    12.003908479,19,,LLC-store-misses,0.00%,107976493,10.79,0.019,K/sec
    12.003908479,4567370,,LLC-stores,0.00%,71992668,7.20,4.566,M/sec
    12.003908479,6269448,,LLC-loads,0.00%,73058751,7.30,6.268,M/sec
    12.003908479,172911606,,dTLB-stores,0.00%,72002458,7.20,172.862,M/sec
    12.003908479,6302,,dTLB-load-misses,0.00%,70945169,7.09,,
    12.003908479,0,,dTLB-store-misses,0.00%,72003065,7.20,0.000,K/sec
    12.003908479,9,,iTLB-loads,0.00%,108001459,10.80,0.009,K/sec
    12.003908479,252,,iTLB-load-misses,0.00%,146726382,14.67,450.67,of all iTLB cache hits
    12.003908479,227,,node-load-misses,0.00%,149754180,14.97,0.227,K/sec
    12.003908479,2407,,node-loads,0.00%,153733421,15.37,0.002,M/sec
    12.003908479,0,,node-store-misses,0.00%,79992297,8.00,0.000,K/sec
    12.003908479,13,,node-stores,0.00%,80002788,8.00,0.013,K/sec
    13.004162471,9714796539,,instructions,0.00%,120002194,12.00,3.37,insn per cycle
    13.004162471,1889632744,,branches,0.00%,158698874,15.87,1889.097,M/sec
    13.004162471,7589303,,branch-misses,0.00%,194659102,19.46,0.40,of all branches
    13.004162471,7584041,,branch-load-misses,0.00%,190668835,19.06,7.582,M/sec
    13.004162471,3188,,cache-misses,0.00%,186674094,18.66,0.029,of all cache refs
    13.004162471,11078732,,cache-references,0.00%,143957335,14.39,11.076,M/sec
    13.004162471,2891952450,,cycles,0.00%,145040851,14.50,2.891,GHz
    13.004162471,0,,context-switches,0.00%,1000257967,100.00,0.000,K/sec
    13.004162471,1000.259087,,cpu-clock,0.00%,1000259088,100.00,1.000,CPUs utilized
    13.004162471,0,,minor-faults,0.00%,1000260170,100.00,0.000,K/sec
    13.004162471,0,,page-faults,0.00%,1000260328,100.00,0.000,K/sec
    13.004162471,1000.259116,,task-clock,0.00%,1000259122,100.00,1.000,CPUs utilized
    13.004162471,99712872,,bus-cycles,0.00%,143997414,14.40,99.685,M/sec
    13.004162471,2592849587,,ref-cycles,0.00%,179998487,18.00,2592.115,M/sec
    13.004162471,11719276,,L1-dcache-load-misses,0.00%,180000519,18.00,0.40,of all L1-dcache hits
    13.004162471,2960599515,,L1-dcache-loads,0.00%,179997167,18.00,2959.761,M/sec
    13.004162471,176218802,,L1-dcache-stores,0.00%,74495766,7.45,176.169,M/sec
    13.004162471,36302,,L1-icache-load-misses,0.00%,77536050,7.75,,
    13.004162471,2759,,LLC-load-misses,0.00%,79030468,7.90,0.04,of all LL-cache hits
    13.004162471,303,,LLC-store-misses,0.00%,119028337,11.90,0.303,K/sec
    13.004162471,4598677,,LLC-stores,0.00%,79998936,8.00,4.597,M/sec
    13.004162471,6502497,,LLC-loads,0.00%,80009408,8.00,6.501,M/sec
    13.004162471,176382328,,dTLB-stores,0.00%,80007800,8.00,176.332,M/sec
    13.004162471,3851,,dTLB-load-misses,0.00%,79995027,8.00,,
    13.004162471,0,,dTLB-store-misses,0.00%,79991272,8.00,0.000,K/sec
    13.004162471,0,,iTLB-loads,0.00%,119996007,12.00,0.000,K/sec
    13.004162471,19,,iTLB-load-misses,0.00%,159988722,15.99,36.81,of all iTLB cache hits
    13.004162471,25,,node-load-misses,0.00%,160003130,16.00,0.025,K/sec
    13.004162471,2376,,node-loads,0.00%,160004013,16.00,0.002,M/sec
    13.004162471,0,,node-store-misses,0.00%,79997833,8.00,0.000,K/sec
    13.004162471,38,,node-stores,0.00%,79998402,8.00,0.038,K/sec
    14.004419877,9703011716,,instructions,0.00%,107974975,10.79,3.37,insn per cycle
    14.004419877,1901005095,,branches,0.00%,146361021,14.63,1900.475,M/sec
    14.004419877,7575797,,branch-misses,0.00%,185318782,18.53,0.40,of all branches
    14.004419877,7580292,,branch-load-misses,0.00%,189313506,18.93,7.578,M/sec
    14.004419877,3617,,cache-misses,0.00%,193297916,19.33,0.033,of all cache refs
    14.004419877,11050185,,cache-references,0.00%,158961202,15.89,11.047,M/sec
    14.004419877,2891772996,,cycles,0.00%,159996225,16.00,2.891,GHz
    14.004419877,1,,context-switches,0.00%,1000225211,100.00,0.001,K/sec
    14.004419877,1000.225110,,cpu-clock,0.00%,1000224310,100.00,1.000,CPUs utilized
    14.004419877,0,,minor-faults,0.00%,1000223195,100.00,0.000,K/sec
    14.004419877,0,,page-faults,0.00%,1000223204,100.00,0.000,K/sec
    14.004419877,1000.223819,,task-clock,0.00%,1000223812,100.00,1.000,CPUs utilized
    14.004419877,99717048,,bus-cycles,0.00%,160000945,16.00,99.689,M/sec
    14.004419877,2592908550,,ref-cycles,0.00%,199997876,20.00,2592.185,M/sec
    14.004419877,11895644,,L1-dcache-load-misses,0.00%,199996348,20.00,0.40,of all L1-dcache hits
    14.004419877,2979572914,,L1-dcache-loads,0.00%,200005286,20.00,2978.741,M/sec
    14.004419877,179011873,,L1-dcache-stores,0.00%,80004473,8.00,178.962,M/sec
    14.004419877,30921,,L1-icache-load-misses,0.00%,79995642,8.00,,
    14.004419877,2638,,LLC-load-misses,0.00%,79994245,8.00,0.04,of all LL-cache hits
    14.004419877,217,,LLC-store-misses,0.00%,119993585,12.00,0.217,K/sec
    14.004419877,4565519,,LLC-stores,0.00%,80010159,8.00,4.564,M/sec
    14.004419877,6516147,,LLC-loads,0.00%,80006065,8.00,6.514,M/sec
    14.004419877,173418782,,dTLB-stores,0.00%,79064721,7.90,173.370,M/sec
    14.004419877,7601,,dTLB-load-misses,0.00%,75006920,7.50,,
    14.004419877,195,,dTLB-store-misses,0.00%,71934060,7.19,0.195,K/sec
    14.004419877,37,,iTLB-loads,0.00%,107937341,10.79,0.037,K/sec
    14.004419877,320,,iTLB-load-misses,0.00%,143934682,14.39,632.77,of all iTLB cache hits
    14.004419877,62,,node-load-misses,0.00%,145026381,14.50,0.062,K/sec
    14.004419877,3001,,node-loads,0.00%,144004377,14.40,0.003,M/sec
    14.004419877,0,,node-store-misses,0.00%,70975592,7.10,0.000,K/sec
    14.004419877,14,,node-stores,0.00%,72005194,7.20,0.014,K/sec
    15.004687791,9706335978,,instructions,0.00%,119985364,12.00,3.37,insn per cycle
    15.004687791,1916549030,,branches,0.00%,159986959,15.99,1916.016,M/sec
    15.004687791,7637393,,branch-misses,0.00%,199990356,19.99,0.40,of all branches
    15.004687791,7639130,,branch-load-misses,0.00%,199996293,19.99,7.637,M/sec
    15.004687791,2686,,cache-misses,0.00%,200000216,19.99,0.025,of all cache refs
    15.004687791,11080568,,cache-references,0.00%,160005576,16.00,11.077,M/sec
    15.004687791,2891887036,,cycles,0.00%,159997026,16.00,2.891,GHz
    15.004687791,0,,context-switches,0.00%,1000267636,100.00,0.000,K/sec
    15.004687791,1000.268035,,cpu-clock,0.00%,1000268041,100.00,1.000,CPUs utilized
    15.004687791,0,,minor-faults,0.00%,1000267716,100.00,0.000,K/sec
    15.004687791,0,,page-faults,0.00%,1000267787,100.00,0.000,K/sec
    15.004687791,1000.267217,,task-clock,0.00%,1000267219,100.00,1.000,CPUs utilized
    15.004687791,99720824,,bus-cycles,0.00%,159315298,15.93,99.693,M/sec
    15.004687791,2592971607,,ref-cycles,0.00%,195238069,19.52,2592.250,M/sec
    15.004687791,11832387,,L1-dcache-load-misses,0.00%,191249681,19.12,0.40,of all L1-dcache hits
    15.004687791,2952892404,,L1-dcache-loads,0.00%,187257223,18.72,2952.071,M/sec
    15.004687791,178785968,,L1-dcache-stores,0.00%,71992062,7.20,178.736,M/sec
    15.004687791,33114,,L1-icache-load-misses,0.00%,73281786,7.33,,
    15.004687791,3418,,LLC-load-misses,0.00%,72001956,7.20,0.05,of all LL-cache hits
    15.004687791,500,,LLC-store-misses,0.00%,108001260,10.80,0.500,K/sec
    15.004687791,4611062,,LLC-stores,0.00%,71998185,7.20,4.610,M/sec
    15.004687791,6532433,,LLC-loads,0.00%,72002580,7.20,6.531,M/sec
    15.004687791,175742989,,dTLB-stores,0.00%,74090837,7.41,175.694,M/sec
    15.004687791,7613,,dTLB-load-misses,0.00%,76992635,7.70,,
    15.004687791,368,,dTLB-store-misses,0.00%,78908435,7.89,0.368,K/sec
    15.004687791,42,,iTLB-loads,0.00%,118906379,11.89,0.042,K/sec
    15.004687791,334,,iTLB-load-misses,0.00%,158904418,15.89,668.00,of all iTLB cache hits
    15.004687791,38,,node-load-misses,0.00%,160002859,16.00,0.038,K/sec
    15.004687791,2019,,node-loads,0.00%,160009414,16.00,0.002,M/sec
    15.004687791,13,,node-store-misses,0.00%,79995411,8.00,0.013,K/sec
    15.004687791,0,,node-stores,0.00%,79990914,8.00,0.000,K/sec
    16.004933414,9840987330,,instructions,0.00%,107875208,10.78,3.42,insn per cycle
    16.004933414,1940879211,,branches,0.00%,143859754,14.38,1940.342,M/sec
    16.004933414,7573656,,branch-misses,0.00%,181308804,18.13,0.40,of all branches
    16.004933414,7561078,,branch-load-misses,0.00%,179999517,18.00,7.559,M/sec
    16.004933414,6930,,cache-misses,0.00%,179993448,17.99,0.064,of all cache refs
    16.004933414,9727037,,cache-references,0.00%,144007813,14.40,9.724,M/sec
    16.004933414,2891212023,,cycles,0.00%,142558497,14.25,2.890,GHz
    16.004933414,0,,context-switches,0.00%,1000250920,100.00,0.000,K/sec
    16.004933414,1000.250365,,cpu-clock,0.00%,1000250366,100.00,1.000,CPUs utilized
    16.004933414,0,,minor-faults,0.00%,1000250317,100.00,0.000,K/sec
    16.004933414,0,,page-faults,0.00%,1000249875,100.00,0.000,K/sec
    16.004933414,1000.249730,,task-clock,0.00%,1000249737,100.00,1.000,CPUs utilized
    16.004933414,99708604,,bus-cycles,0.00%,146015942,14.60,99.681,M/sec
    16.004933414,2592649715,,ref-cycles,0.00%,184761192,18.47,2591.933,M/sec
    16.004933414,10713027,,L1-dcache-load-misses,0.00%,188778353,18.87,0.36,of all L1-dcache hits
    16.004933414,2977596613,,L1-dcache-loads,0.00%,192762515,19.27,2976.773,M/sec
    16.004933414,178844021,,L1-dcache-stores,0.00%,79978224,8.00,178.795,M/sec
    16.004933414,30900,,L1-icache-load-misses,0.00%,79986251,8.00,,
    16.004933414,5351,,LLC-load-misses,0.00%,80009570,8.00,0.08,of all LL-cache hits
    16.004933414,508,,LLC-store-misses,0.00%,119993820,12.00,0.508,K/sec
    16.004933414,4134897,,LLC-stores,0.00%,79992229,8.00,4.134,M/sec
    16.004933414,5780963,,LLC-loads,0.00%,80013021,8.00,5.779,M/sec
    16.004933414,179030684,,dTLB-stores,0.00%,80006269,8.00,178.981,M/sec
    16.004933414,4163,,dTLB-load-misses,0.00%,80007245,8.00,,
    16.004933414,313,,dTLB-store-misses,0.00%,79998871,8.00,0.313,K/sec
    16.004933414,58,,iTLB-loads,0.00%,119993279,12.00,0.058,K/sec
    16.004933414,456,,iTLB-load-misses,0.00%,160000915,16.00,902.97,of all iTLB cache hits
    16.004933414,94,,node-load-misses,0.00%,159987139,15.99,0.094,K/sec
    16.004933414,4454,,node-loads,0.00%,159665033,15.96,0.004,M/sec
    16.004933414,344,,node-store-misses,0.00%,75547126,7.55,0.344,K/sec
    16.004933414,877,,node-stores,0.00%,71872323,7.19,0.877,K/sec
    17.005182744,9664144765,,instructions,0.00%,118946823,11.89,3.35,insn per cycle
    17.005182744,1913203978,,branches,0.00%,158961648,15.89,1912.678,M/sec
    17.005182744,7667630,,branch-misses,0.00%,198948011,19.89,0.40,of all branches
    17.005182744,7885216,,branch-load-misses,0.00%,200006909,20.00,7.883,M/sec
    17.005182744,3176,,cache-misses,0.00%,200007205,20.00,0.029,of all cache refs
    17.005182744,10715740,,cache-references,0.00%,159994949,16.00,10.713,M/sec
    17.005182744,2891785802,,cycles,0.00%,160005473,16.00,2.891,GHz
    17.005182744,0,,context-switches,0.00%,1000248657,100.00,0.000,K/sec
    17.005182744,1000.248854,,cpu-clock,0.00%,1000248847,100.00,1.000,CPUs utilized
    17.005182744,0,,minor-faults,0.00%,1000248795,100.00,0.000,K/sec
    17.005182744,0,,page-faults,0.00%,1000249075,100.00,0.000,K/sec
    17.005182744,1000.249193,,task-clock,0.00%,1000249179,100.00,1.000,CPUs utilized
    17.005182744,99716627,,bus-cycles,0.00%,159992499,16.00,99.689,M/sec
    17.005182744,2592890304,,ref-cycles,0.00%,200006518,20.00,2592.177,M/sec
    17.005182744,11546819,,L1-dcache-load-misses,0.00%,199982840,19.99,0.39,of all L1-dcache hits
    17.005182744,2995124045,,L1-dcache-loads,0.00%,199994986,19.99,2994.301,M/sec
    17.005182744,179952237,,L1-dcache-stores,0.00%,80001269,8.00,179.903,M/sec
    17.005182744,30217,,L1-icache-load-misses,0.00%,80007596,8.00,,
    17.005182744,3721,,LLC-load-misses,0.00%,79828974,7.98,0.06,of all LL-cache hits
    17.005182744,743,,LLC-store-misses,0.00%,115761005,11.57,0.743,K/sec
    17.005182744,4437784,,LLC-stores,0.00%,71923264,7.19,4.437,M/sec
    17.005182744,6362858,,LLC-loads,0.00%,72006029,7.20,6.361,M/sec
    17.005182744,179573587,,dTLB-stores,0.00%,72001712,7.20,179.524,M/sec
    17.005182744,2717,,dTLB-load-misses,0.00%,73268854,7.33,,
    17.005182744,570,,dTLB-store-misses,0.00%,71999426,7.20,0.570,K/sec
    17.005182744,102,,iTLB-loads,0.00%,107997602,10.80,0.102,K/sec
    17.005182744,736,,iTLB-load-misses,0.00%,144000427,14.40,1374.95,of all iTLB cache hits
    17.005182744,21,,node-load-misses,0.00%,142724280,14.27,0.021,K/sec
    17.005182744,2578,,node-loads,0.00%,145510461,14.55,0.003,M/sec
    17.005182744,52,,node-store-misses,0.00%,76458075,7.64,0.052,K/sec
    17.005182744,203,,node-stores,0.00%,78959133,7.89,0.203,K/sec
    18.005470473,9739182736,,instructions,0.00%,120003748,12.00,3.38,insn per cycle
    18.005470473,1930183644,,branches,0.00%,160004893,16.00,1929.655,M/sec
    18.005470473,7866040,,branch-misses,0.00%,200006393,20.00,0.41,of all branches
    18.005470473,7816729,,branch-load-misses,0.00%,199991250,19.99,7.815,M/sec
    18.005470473,2511,,cache-misses,0.00%,195965689,19.59,0.023,of all cache refs
    18.005470473,10239550,,cache-references,0.00%,151967818,15.19,10.237,M/sec
    18.005470473,2891748745,,cycles,0.00%,147966499,14.79,2.891,GHz
    18.005470473,1,,context-switches,0.00%,1000247521,100.00,0.001,K/sec
    18.005470473,1000.248226,,cpu-clock,0.00%,1000247502,100.00,1.000,CPUs utilized
    18.005470473,0,,minor-faults,0.00%,1000247866,100.00,0.000,K/sec
    18.005470473,0,,page-faults,0.00%,1000248441,100.00,0.000,K/sec
    18.005470473,1000.260648,,task-clock,0.00%,1000260707,100.00,1.000,CPUs utilized
    18.005470473,99710154,,bus-cycles,0.00%,143973576,14.39,99.683,M/sec
    18.005470473,2592838745,,ref-cycles,0.00%,181009185,18.10,2592.129,M/sec
    18.005470473,11170721,,L1-dcache-load-misses,0.00%,179991896,17.99,0.38,of all L1-dcache hits
    18.005470473,2995722801,,L1-dcache-loads,0.00%,179991777,17.99,2994.903,M/sec
    18.005470473,181547993,,L1-dcache-stores,0.00%,72001987,7.20,181.498,M/sec
    18.005470473,30085,,L1-icache-load-misses,0.00%,71981664,7.20,,
    18.005470473,3222,,LLC-load-misses,0.00%,73272315,7.33,0.05,of all LL-cache hits
    18.005470473,767,,LLC-store-misses,0.00%,112215272,11.22,0.767,K/sec
    18.005470473,4044682,,LLC-stores,0.00%,78953120,7.89,4.044,M/sec
    18.005470473,6312984,,LLC-loads,0.00%,79997662,8.00,6.311,M/sec
    18.005470473,180944669,,dTLB-stores,0.00%,80001631,8.00,180.895,M/sec
    18.005470473,513,,dTLB-load-misses,0.00%,80005201,8.00,,
    18.005470473,275,,dTLB-store-misses,0.00%,80003110,8.00,0.275,K/sec
    18.005470473,50,,iTLB-loads,0.00%,119991562,12.00,0.050,K/sec
    18.005470473,519,,iTLB-load-misses,0.00%,159992265,15.99,973.12,of all iTLB cache hits
    18.005470473,44,,node-load-misses,0.00%,159996601,16.00,0.044,K/sec
    18.005470473,1532,,node-loads,0.00%,159989628,15.99,0.002,M/sec
    18.005470473,0,,node-store-misses,0.00%,80004507,8.00,0.000,K/sec
    18.005470473,350,,node-stores,0.00%,80005551,8.00,0.350,K/sec
    19.005733372,9601779846,,instructions,0.00%,107996558,10.80,3.33,insn per cycle
    19.005733372,1905784674,,branches,0.00%,143995800,14.40,1905.263,M/sec
    19.005733372,7791066,,branch-misses,0.00%,179993398,17.99,0.41,of all branches
    19.005733372,7714774,,branch-load-misses,0.00%,180032555,18.00,7.713,M/sec
    19.005733372,4685,,cache-misses,0.00%,184054286,18.40,0.044,of all cache refs
    19.005733372,10267646,,cache-references,0.00%,152040661,15.20,10.265,M/sec
    19.005733372,2891630730,,cycles,0.00%,156036147,15.60,2.891,GHz
    19.005733372,0,,context-switches,0.00%,1000274860,100.00,0.000,K/sec
    19.005733372,1000.274703,,cpu-clock,0.00%,1000274703,100.00,1.000,CPUs utilized
    19.005733372,0,,minor-faults,0.00%,1000274541,100.00,0.000,K/sec
    19.005733372,0,,page-faults,0.00%,1000273701,100.00,0.000,K/sec
    19.005733372,1000.261711,,task-clock,0.00%,1000261376,100.00,1.000,CPUs utilized
    19.005733372,99714061,,bus-cycles,0.00%,158935990,15.89,99.687,M/sec
    19.005733372,2592869215,,ref-cycles,0.00%,198936635,19.89,2592.160,M/sec
    19.005733372,11221158,,L1-dcache-load-misses,0.00%,199994346,19.99,0.38,of all L1-dcache hits
    19.005733372,3011770798,,L1-dcache-loads,0.00%,199993927,19.99,3010.947,M/sec
    19.005733372,180818119,,L1-dcache-stores,0.00%,79994326,8.00,180.769,M/sec
    19.005733372,28645,,L1-icache-load-misses,0.00%,80000488,8.00,,
    19.005733372,1413,,LLC-load-misses,0.00%,79994245,8.00,0.02,of all LL-cache hits
    19.005733372,408,,LLC-store-misses,0.00%,120003151,12.00,0.408,K/sec
    19.005733372,3959640,,LLC-stores,0.00%,80009341,8.00,3.959,M/sec
    19.005733372,6319080,,LLC-loads,0.00%,79994151,8.00,6.317,M/sec
    19.005733372,180633983,,dTLB-stores,0.00%,80003836,8.00,180.585,M/sec
    19.005733372,500,,dTLB-load-misses,0.00%,80001251,8.00,,
    19.005733372,438,,dTLB-store-misses,0.00%,80004382,8.00,0.438,K/sec
    19.005733372,86,,iTLB-loads,0.00%,116317615,11.63,0.086,K/sec
    19.005733372,552,,iTLB-load-misses,0.00%,152321900,15.23,1002.68,of all iTLB cache hits
    19.005733372,668,,node-load-misses,0.00%,148339648,14.83,0.668,K/sec
    19.005733372,1428,,node-loads,0.00%,144335170,14.43,0.001,M/sec
    19.005733372,14,,node-store-misses,0.00%,73062696,7.30,0.014,K/sec
    19.005733372,973,,node-stores,0.00%,71994423,7.20,0.973,K/sec
    20.005983196,9737643074,,instructions,0.00%,119994609,12.00,3.38,insn per cycle
    20.005983196,1925479825,,branches,0.00%,159983948,15.99,1924.955,M/sec
    20.005983196,7728243,,branch-misses,0.00%,199988454,19.99,0.41,of all branches
    20.005983196,7725587,,branch-load-misses,0.00%,200004251,20.00,7.723,M/sec
    20.005983196,1750,,cache-misses,0.00%,200002369,20.00,0.016,of all cache refs
    20.005983196,10560584,,cache-references,0.00%,160006699,16.00,10.558,M/sec
    20.005983196,2891889973,,cycles,0.00%,160000544,16.00,2.891,GHz
    20.005983196,0,,context-switches,0.00%,1000254506,100.00,0.000,K/sec
    20.005983196,1000.254688,,cpu-clock,0.00%,1000254688,100.00,1.000,CPUs utilized
    20.005983196,0,,minor-faults,0.00%,1000254793,100.00,0.000,K/sec
    20.005983196,0,,page-faults,0.00%,1000254796,100.00,0.000,K/sec
    20.005983196,1000.254442,,task-clock,0.00%,1000254725,100.00,1.000,CPUs utilized
    20.005983196,99719835,,bus-cycles,0.00%,159997023,16.00,99.693,M/sec
    20.005983196,2592998978,,ref-cycles,0.00%,200001073,20.00,2592.292,M/sec
    20.005983196,11144535,,L1-dcache-load-misses,0.00%,200007441,20.00,0.38,of all L1-dcache hits
    20.005983196,3000388973,,L1-dcache-loads,0.00%,196542175,19.65,2999.571,M/sec
    20.005983196,180916320,,L1-dcache-stores,0.00%,72547500,7.25,180.867,M/sec
    20.005983196,28939,,L1-icache-load-misses,0.00%,71998647,7.20,,
    20.005983196,1250,,LLC-load-misses,0.00%,71993096,7.20,0.02,of all LL-cache hits
    20.005983196,431,,LLC-store-misses,0.00%,108962008,10.89,0.431,K/sec
    20.005983196,3931008,,LLC-stores,0.00%,72001932,7.20,3.930,M/sec
    20.005983196,6295614,,LLC-loads,0.00%,71031451,7.10,6.294,M/sec
    20.005983196,181234071,,dTLB-stores,0.00%,72004259,7.20,181.185,M/sec
    20.005983196,931,,dTLB-load-misses,0.00%,72002750,7.20,,
    20.005983196,123,,dTLB-store-misses,0.00%,73014795,7.30,0.123,K/sec
    20.005983196,54,,iTLB-loads,0.00%,111672229,11.16,0.054,K/sec
    20.005983196,791,,iTLB-load-misses,0.00%,151664408,15.16,1438.18,of all iTLB cache hits
    20.005983196,148,,node-load-misses,0.00%,155667393,15.56,0.148,K/sec
    20.005983196,1438,,node-loads,0.00%,158647682,15.86,0.001,M/sec
    20.005983196,13,,node-store-misses,0.00%,79991988,8.00,0.013,K/sec
    20.005983196,375,,node-stores,0.00%,79988930,8.00,0.375,K/sec
    21.006240235,9635683802,,instructions,0.00%,116735093,11.67,3.34,insn per cycle
    21.006240235,1912757398,,branches,0.00%,152741276,15.27,1912.237,M/sec
    21.006240235,7693117,,branch-misses,0.00%,188751233,18.87,0.40,of all branches
    21.006240235,7691712,,branch-load-misses,0.00%,184753714,18.47,7.690,M/sec
    21.006240235,2403,,cache-misses,0.00%,181884981,18.18,0.022,of all cache refs
    21.006240235,10392204,,cache-references,0.00%,143996714,14.40,10.389,M/sec
    21.006240235,2891362459,,cycles,0.00%,143992908,14.40,2.891,GHz
    21.006240235,0,,context-switches,0.00%,1000261935,100.00,0.000,K/sec
    21.006240235,1000.261683,,cpu-clock,0.00%,1000261683,100.00,1.000,CPUs utilized
    21.006240235,7,,minor-faults,0.00%,1000261497,100.00,0.007,K/sec
    21.006240235,7,,page-faults,0.00%,1000261656,100.00,0.007,K/sec
    21.006240235,1000.261930,,task-clock,0.00%,1000261931,100.00,1.000,CPUs utilized
    21.006240235,99701831,,bus-cycles,0.00%,143998370,14.40,99.675,M/sec
    21.006240235,2592624299,,ref-cycles,0.00%,179999881,18.00,2591.919,M/sec
    21.006240235,11106881,,L1-dcache-load-misses,0.00%,179858121,17.98,0.37,of all L1-dcache hits
    21.006240235,2999902644,,L1-dcache-loads,0.00%,183461807,18.34,2999.087,M/sec
    21.006240235,178620056,,L1-dcache-stores,0.00%,78406756,7.84,178.571,M/sec
    21.006240235,29821,,L1-icache-load-misses,0.00%,79997628,8.00,,
    21.006240235,1525,,LLC-load-misses,0.00%,79996587,8.00,0.02,of all LL-cache hits
    21.006240235,242,,LLC-store-misses,0.00%,120001934,12.00,0.242,K/sec
    21.006240235,4103450,,LLC-stores,0.00%,80005948,8.00,4.102,M/sec
    21.006240235,6301968,,LLC-loads,0.00%,79989705,8.00,6.300,M/sec
    21.006240235,177889348,,dTLB-stores,0.00%,79992975,8.00,177.841,M/sec
    21.006240235,1038,,dTLB-load-misses,0.00%,79999906,8.00,,
    21.006240235,13,,dTLB-store-misses,0.00%,80000564,8.00,0.013,K/sec
    21.006240235,83,,iTLB-loads,0.00%,120004587,12.00,0.083,K/sec
    21.006240235,425,,iTLB-load-misses,0.00%,159995260,16.00,754.44,of all iTLB cache hits
    21.006240235,44,,node-load-misses,0.00%,160000238,16.00,0.044,K/sec
    21.006240235,1325,,node-loads,0.00%,159995855,16.00,0.001,M/sec
    21.006240235,0,,node-store-misses,0.00%,80002140,8.00,0.000,K/sec
    21.006240235,412,,node-stores,0.00%,80062435,8.00,0.412,K/sec
    22.006509463,9605499408,,instructions,0.00%,111254855,11.12,3.33,insn per cycle
    22.006509463,1908212851,,branches,0.00%,151234080,15.12,1907.700,M/sec
    22.006509463,7672601,,branch-misses,0.00%,191228467,19.12,0.40,of all branches
    22.006509463,7673220,,branch-load-misses,0.00%,195258489,19.52,7.671,M/sec
    22.006509463,2206,,cache-misses,0.00%,198117881,19.81,0.021,of all cache refs
    22.006509463,10181923,,cache-references,0.00%,160009005,16.00,10.179,M/sec
    22.006509463,2891591463,,cycles,0.00%,159979173,15.99,2.891,GHz
    22.006509463,2,,context-switches,0.00%,1000201916,100.00,0.002,K/sec
    22.006509463,1000.205928,,cpu-clock,0.00%,1000203151,100.00,1.000,CPUs utilized
    22.006509463,7,,minor-faults,0.00%,1000203556,100.00,0.007,K/sec
    22.006509463,7,,page-faults,0.00%,1000203703,100.00,0.007,K/sec
    22.006509463,1000.204192,,task-clock,0.00%,1000204189,100.00,1.000,CPUs utilized
    22.006509463,99710381,,bus-cycles,0.00%,159965962,15.99,99.684,M/sec
    22.006509463,2592776674,,ref-cycles,0.00%,199983260,19.99,2592.079,M/sec
    22.006509463,11055744,,L1-dcache-load-misses,0.00%,199984259,19.99,0.37,of all L1-dcache hits
    22.006509463,3008849645,,L1-dcache-loads,0.00%,199973994,19.99,3008.040,M/sec
    22.006509463,178215442,,L1-dcache-stores,0.00%,79985470,8.00,178.168,M/sec
    22.006509463,30160,,L1-icache-load-misses,0.00%,79991893,8.00,,
    22.006509463,1088,,LLC-load-misses,0.00%,80001315,8.00,0.02,of all LL-cache hits
    22.006509463,158,,LLC-store-misses,0.00%,120006694,12.00,0.158,K/sec
    22.006509463,3941677,,LLC-stores,0.00%,80125336,8.01,3.941,M/sec
    22.006509463,6252290,,LLC-loads,0.00%,77091701,7.71,6.251,M/sec
    22.006509463,180830201,,dTLB-stores,0.00%,72967072,7.30,180.782,M/sec
    22.006509463,875,,dTLB-load-misses,0.00%,71993516,7.20,,
    22.006509463,0,,dTLB-store-misses,0.00%,72000067,7.20,0.000,K/sec
    22.006509463,27,,iTLB-loads,0.00%,109149225,10.91,0.027,K/sec
    22.006509463,653,,iTLB-load-misses,0.00%,143999880,14.40,1187.27,of all iTLB cache hits
    22.006509463,90,,node-load-misses,0.00%,143998259,14.40,0.090,K/sec
    22.006509463,1556,,node-loads,0.00%,144010961,14.40,0.002,M/sec
    22.006509463,83,,node-store-misses,0.00%,71979133,7.20,0.083,K/sec
    22.006509463,356,,node-stores,0.00%,73101982,7.31,0.356,K/sec
    23.006773535,9716413497,,instructions,0.00%,119993404,12.00,3.37,insn per cycle
    23.006773535,1925552482,,branches,0.00%,159989733,16.00,1925.038,M/sec
    23.006773535,7734735,,branch-misses,0.00%,200001241,20.00,0.41,of all branches
    23.006773535,7734910,,branch-load-misses,0.00%,199999804,20.00,7.733,M/sec
    23.006773535,1795,,cache-misses,0.00%,199991953,19.99,0.017,of all cache refs
    23.006773535,10448421,,cache-references,0.00%,160116302,16.01,10.446,M/sec
    23.006773535,2891510996,,cycles,0.00%,157258508,15.72,2.891,GHz
    23.006773535,1,,context-switches,0.00%,1000232327,100.00,0.001,K/sec
    23.006773535,1000.232311,,cpu-clock,0.00%,1000231463,100.00,1.000,CPUs utilized
    23.006773535,0,,minor-faults,0.00%,1000231356,100.00,0.000,K/sec
    23.006773535,0,,page-faults,0.00%,1000231421,100.00,0.000,K/sec
    23.006773535,1000.231334,,task-clock,0.00%,1000231335,100.00,1.000,CPUs utilized
    23.006773535,99706274,,bus-cycles,0.00%,153287669,15.33,99.680,M/sec
    23.006773535,2592695001,,ref-cycles,0.00%,189295893,18.93,2592.002,M/sec
    23.006773535,11227985,,L1-dcache-load-misses,0.00%,185305293,18.53,0.38,of all L1-dcache hits
    23.006773535,2988225781,,L1-dcache-loads,0.00%,182518817,18.25,2987.427,M/sec
    23.006773535,174839413,,L1-dcache-stores,0.00%,71994729,7.20,174.793,M/sec
    23.006773535,31576,,L1-icache-load-misses,0.00%,70672647,7.07,,
    23.006773535,1347,,LLC-load-misses,0.00%,72003546,7.20,0.02,of all LL-cache hits
    23.006773535,167,,LLC-store-misses,0.00%,108007701,10.80,0.167,K/sec
    23.006773535,4035915,,LLC-stores,0.00%,73095234,7.31,4.035,M/sec
    23.006773535,6236745,,LLC-loads,0.00%,74908580,7.49,6.235,M/sec
    23.006773535,178116970,,dTLB-stores,0.00%,77811454,7.78,178.069,M/sec
    23.006773535,1550,,dTLB-load-misses,0.00%,79996581,8.00,,
    23.006773535,0,,dTLB-store-misses,0.00%,79998734,8.00,0.000,K/sec
    23.006773535,8,,iTLB-loads,0.00%,119997997,12.00,0.008,K/sec
    23.006773535,231,,iTLB-load-misses,0.00%,160002181,16.00,436.21,of all iTLB cache hits
    23.006773535,63,,node-load-misses,0.00%,160001907,16.00,0.063,K/sec
    23.006773535,1569,,node-loads,0.00%,160010093,16.00,0.002,M/sec
    23.006773535,0,,node-store-misses,0.00%,80002920,8.00,0.000,K/sec
    23.006773535,125,,node-stores,0.00%,79995944,8.00,0.125,K/sec
    24.007036378,9611538449,,instructions,0.00%,109339830,10.93,3.33,insn per cycle
    24.007036378,1903753111,,branches,0.00%,144000659,14.40,1903.244,M/sec
    24.007036378,7661622,,branch-misses,0.00%,179997636,17.99,0.40,of all branches
    24.007036378,7663143,,branch-load-misses,0.00%,179997260,17.99,7.661,M/sec
    24.007036378,2017,,cache-misses,0.00%,179993356,17.99,0.019,of all cache refs
    24.007036378,10318057,,cache-references,0.00%,145102871,14.51,10.315,M/sec
    24.007036378,2891990530,,cycles,0.00%,146730994,14.67,2.891,GHz
    24.007036378,0,,context-switches,0.00%,1000272427,100.00,0.000,K/sec
    24.007036378,1000.272049,,cpu-clock,0.00%,1000272039,100.00,1.000,CPUs utilized
    24.007036378,0,,minor-faults,0.00%,1000272079,100.00,0.000,K/sec
    24.007036378,0,,page-faults,0.00%,1000272085,100.00,0.000,K/sec
    24.007036378,1000.271505,,task-clock,0.00%,1000271505,100.00,1.000,CPUs utilized
    24.007036378,99721207,,bus-cycles,0.00%,150682900,15.06,99.695,M/sec
    24.007036378,2593039432,,ref-cycles,0.00%,190680784,19.06,2592.346,M/sec
    24.007036378,11153305,,L1-dcache-load-misses,0.00%,194673269,19.46,0.38,of all L1-dcache hits
    24.007036378,3011591950,,L1-dcache-loads,0.00%,197567608,19.75,3010.786,M/sec
    24.007036378,178394846,,L1-dcache-stores,0.00%,80007014,8.00,178.347,M/sec
    24.007036378,31967,,L1-icache-load-misses,0.00%,80010236,8.00,,
    24.007036378,1213,,LLC-load-misses,0.00%,79991387,8.00,0.02,of all LL-cache hits
    24.007036378,167,,LLC-store-misses,0.00%,119991966,12.00,0.167,K/sec
    24.007036378,4029906,,LLC-stores,0.00%,80005048,8.00,4.029,M/sec
    24.007036378,6282182,,LLC-loads,0.00%,80001120,8.00,6.281,M/sec
    24.007036378,178178397,,dTLB-stores,0.00%,80008721,8.00,178.131,M/sec
    24.007036378,838,,dTLB-load-misses,0.00%,80001230,8.00,,
    24.007036378,0,,dTLB-store-misses,0.00%,79992697,8.00,0.000,K/sec
    24.007036378,0,,iTLB-loads,0.00%,119992515,12.00,0.000,K/sec
    24.007036378,412,,iTLB-load-misses,0.00%,160079246,16.00,811.82,of all iTLB cache hits
    24.007036378,495,,node-load-misses,0.00%,157645084,15.76,0.495,K/sec
    24.007036378,1322,,node-loads,0.00%,153640165,15.36,0.001,M/sec
    24.007036378,0,,node-store-misses,0.00%,71995312,7.20,0.000,K/sec
    24.007036378,83,,node-stores,0.00%,72006549,7.20,0.083,K/sec
    25.007286598,9801595955,,instructions,0.00%,120006538,12.00,3.40,insn per cycle
    25.007286598,1923372377,,branches,0.00%,160007011,16.00,1922.859,M/sec
    25.007286598,7735740,,branch-misses,0.00%,200002372,20.00,0.41,of all branches
    25.007286598,7743302,,branch-load-misses,0.00%,200013993,20.00,7.741,M/sec
    25.007286598,1585,,cache-misses,0.00%,199997374,19.99,0.015,of all cache refs
    25.007286598,10516610,,cache-references,0.00%,159999313,16.00,10.514,M/sec
    25.007286598,2891868760,,cycles,0.00%,160006544,16.00,2.891,GHz
    25.007286598,0,,context-switches,0.00%,1000246602,100.00,0.000,K/sec
    25.007286598,1000.246613,,cpu-clock,0.00%,1000246619,100.00,1.000,CPUs utilized
    25.007286598,0,,minor-faults,0.00%,1000247349,100.00,0.000,K/sec
    25.007286598,0,,page-faults,0.00%,1000247065,100.00,0.000,K/sec
    25.007286598,1000.247370,,task-clock,0.00%,1000247370,100.00,1.000,CPUs utilized
    25.007286598,99719204,,bus-cycles,0.00%,159987576,15.99,99.693,M/sec
    25.007286598,2592981851,,ref-cycles,0.00%,199984073,19.99,2592.290,M/sec
    25.007286598,11278205,,L1-dcache-load-misses,0.00%,199997661,19.99,0.38,of all L1-dcache hits
    25.007286598,3014078757,,L1-dcache-loads,0.00%,199993841,19.99,3013.275,M/sec
    25.007286598,175784834,,L1-dcache-stores,0.00%,80168035,8.01,175.738,M/sec
    25.007286598,38618,,L1-icache-load-misses,0.00%,77858891,7.78,,
    25.007286598,3366,,LLC-load-misses,0.00%,73694765,7.37,0.05,of all LL-cache hits
    25.007286598,511,,LLC-store-misses,0.00%,109700018,10.97,0.511,K/sec
    25.007286598,4179811,,LLC-stores,0.00%,71999107,7.20,4.179,M/sec
    25.007286598,6193644,,LLC-loads,0.00%,73252598,7.32,6.192,M/sec
    25.007286598,174981464,,dTLB-stores,0.00%,72002261,7.20,174.935,M/sec
    25.007286598,5033,,dTLB-load-misses,0.00%,70745056,7.07,,
    25.007286598,0,,dTLB-store-misses,0.00%,72002736,7.20,0.000,K/sec
    25.007286598,0,,iTLB-loads,0.00%,107995871,10.80,0.000,K/sec
    25.007286598,214,,iTLB-load-misses,0.00%,145176757,14.51,439.24,of all iTLB cache hits
    25.007286598,191,,node-load-misses,0.00%,146364180,14.63,0.191,K/sec
    25.007286598,1364,,node-loads,0.00%,150348185,15.03,0.001,M/sec
    25.007286598,0,,node-store-misses,0.00%,79996762,8.00,0.000,K/sec
    25.007286598,175,,node-stores,0.00%,80002612,8.00,0.175,K/sec
    26.007590580,9832460511,,instructions,0.00%,120001188,12.00,3.41,insn per cycle
    26.007590580,1909850322,,branches,0.00%,160298463,16.03,1909.341,M/sec
    26.007590580,7622593,,branch-misses,0.00%,198047560,19.80,0.40,of all branches
    26.007590580,7628663,,branch-load-misses,0.00%,194060342,19.40,7.627,M/sec
    26.007590580,8636,,cache-misses,0.00%,190073398,19.00,0.081,of all cache refs
    26.007590580,9957873,,cache-references,0.00%,145788335,14.57,9.955,M/sec
    26.007590580,2891905158,,cycles,0.00%,145521876,14.55,2.891,GHz
    26.007590580,1,,context-switches,0.00%,1000264774,100.00,0.001,K/sec
    26.007590580,1000.269092,,cpu-clock,0.00%,1000268444,100.00,1.000,CPUs utilized
    26.007590580,0,,minor-faults,0.00%,1000267829,100.00,0.000,K/sec
    26.007590580,0,,page-faults,0.00%,1000271625,100.00,0.000,K/sec
    26.007590580,1000.274349,,task-clock,0.00%,1000274358,100.00,1.000,CPUs utilized
    26.007590580,99714063,,bus-cycles,0.00%,144007768,14.40,99.687,M/sec
    26.007590580,2592887828,,ref-cycles,0.00%,179993932,17.99,2592.196,M/sec
    26.007590580,10565730,,L1-dcache-load-misses,0.00%,180016169,18.00,0.36,of all L1-dcache hits
    26.007590580,2990423431,,L1-dcache-loads,0.00%,179963920,17.99,2989.625,M/sec
    26.007590580,177443057,,L1-dcache-stores,0.00%,73127192,7.31,177.396,M/sec
    26.007590580,37726,,L1-icache-load-misses,0.00%,74161033,7.41,,
    26.007590580,4327,,LLC-load-misses,0.00%,76976594,7.70,0.07,of all LL-cache hits
    26.007590580,2155,,LLC-store-misses,0.00%,116980746,11.69,0.002,M/sec
    26.007590580,3888292,,LLC-stores,0.00%,80001022,8.00,3.887,M/sec
    26.007590580,5980180,,LLC-loads,0.00%,79999466,8.00,5.979,M/sec
    26.007590580,177856604,,dTLB-stores,0.00%,80018157,8.00,177.809,M/sec
    26.007590580,3952,,dTLB-load-misses,0.00%,79982611,8.00,,
    26.007590580,13,,dTLB-store-misses,0.00%,79989816,8.00,0.013,K/sec
    26.007590580,8,,iTLB-loads,0.00%,119972324,11.99,0.008,K/sec
    26.007590580,13,,iTLB-load-misses,0.00%,159974545,15.99,27.57,of all iTLB cache hits
    26.007590580,144,,node-load-misses,0.00%,160012683,16.00,0.144,K/sec
    26.007590580,3964,,node-loads,0.00%,159997558,16.00,0.004,M/sec
    26.007590580,0,,node-store-misses,0.00%,79995535,8.00,0.000,K/sec
    26.007590580,2614,,node-stores,0.00%,79988258,8.00,0.003,M/sec
    27.007848761,9833013711,,instructions,0.00%,107991932,10.80,3.41,insn per cycle
    27.007848761,1940648066,,branches,0.00%,143996144,14.40,1940.132,M/sec
    27.007848761,7663157,,branch-misses,0.00%,181962186,18.19,0.40,of all branches
    27.007848761,7665013,,branch-load-misses,0.00%,185913658,18.59,7.663,M/sec
    27.007848761,4619,,cache-misses,0.00%,189909694,18.99,0.044,of all cache refs
    27.007848761,9753674,,cache-references,0.00%,157902159,15.79,9.751,M/sec
    27.007848761,2891680445,,cycles,0.00%,159979074,15.99,2.891,GHz
    27.007848761,0,,context-switches,0.00%,1000253960,100.00,0.000,K/sec
    27.007848761,1000.250632,,cpu-clock,0.00%,1000250633,100.00,1.000,CPUs utilized
    27.007848761,0,,minor-faults,0.00%,1000250359,100.00,0.000,K/sec
    27.007848761,0,,page-faults,0.00%,1000246934,100.00,0.000,K/sec
    27.007848761,1000.243980,,task-clock,0.00%,1000243970,100.00,1.000,CPUs utilized
    27.007848761,99716809,,bus-cycles,0.00%,160006704,16.00,99.690,M/sec
    27.007848761,2592894263,,ref-cycles,0.00%,200009209,20.00,2592.204,M/sec
    27.007848761,10544796,,L1-dcache-load-misses,0.00%,200008077,20.00,0.35,of all L1-dcache hits
    27.007848761,3022527866,,L1-dcache-loads,0.00%,200026093,20.00,3021.723,M/sec
    27.007848761,180603411,,L1-dcache-stores,0.00%,80000619,8.00,180.555,M/sec
    27.007848761,33258,,L1-icache-load-misses,0.00%,79970720,8.00,,
    27.007848761,3451,,LLC-load-misses,0.00%,79996238,8.00,0.05,of all LL-cache hits
    27.007848761,1267,,LLC-store-misses,0.00%,119990033,12.00,0.001,M/sec
    27.007848761,3884478,,LLC-stores,0.00%,79997053,8.00,3.883,M/sec
    27.007848761,6030163,,LLC-loads,0.00%,80003026,8.00,6.029,M/sec
    27.007848761,175181313,,dTLB-stores,0.00%,80156969,8.01,175.135,M/sec
    27.007848761,7549,,dTLB-load-misses,0.00%,78439788,7.84,,
    27.007848761,175,,dTLB-store-misses,0.00%,74281514,7.43,0.175,K/sec
    27.007848761,36,,iTLB-loads,0.00%,110291577,11.03,0.036,K/sec
    27.007848761,144,,iTLB-load-misses,0.00%,146289589,14.63,308.08,of all iTLB cache hits
    27.007848761,83,,node-load-misses,0.00%,144306189,14.43,0.083,K/sec
    27.007848761,3355,,node-loads,0.00%,144008771,14.40,0.003,M/sec
    27.007848761,0,,node-store-misses,0.00%,71711528,7.17,0.000,K/sec
    27.007848761,528,,node-stores,0.00%,72003417,7.20,0.528,K/sec
    28.008120477,9833342275,,instructions,0.00%,119998466,12.00,3.41,insn per cycle
    28.008120477,1941466243,,branches,0.00%,160001863,16.00,1940.950,M/sec
    28.008120477,7870890,,branch-misses,0.00%,200013748,20.00,0.41,of all branches
    28.008120477,7872048,,branch-load-misses,0.00%,200000068,19.99,7.870,M/sec
    28.008120477,1785,,cache-misses,0.00%,200002926,19.99,0.017,of all cache refs
    28.008120477,10442996,,cache-references,0.00%,159996527,16.00,10.440,M/sec
    28.008120477,2891909110,,cycles,0.00%,159983941,15.99,2.891,GHz
    28.008120477,0,,context-switches,0.00%,1000265567,100.00,0.000,K/sec
    28.008120477,1000.265633,,cpu-clock,0.00%,1000265629,100.00,1.000,CPUs utilized
    28.008120477,0,,minor-faults,0.00%,1000265635,100.00,0.000,K/sec
    28.008120477,0,,page-faults,0.00%,1000265660,100.00,0.000,K/sec
    28.008120477,1000.265929,,task-clock,0.00%,1000265931,100.00,1.000,CPUs utilized
    28.008120477,99722118,,bus-cycles,0.00%,160076749,16.00,99.696,M/sec
    28.008120477,2592890928,,ref-cycles,0.00%,198658847,19.86,2592.201,M/sec
    28.008120477,11246752,,L1-dcache-load-misses,0.00%,194652883,19.46,0.38,of all L1-dcache hits
    28.008120477,2994904924,,L1-dcache-loads,0.00%,190668888,19.06,2994.108,M/sec
    28.008120477,180980644,,L1-dcache-stores,0.00%,72001342,7.20,180.932,M/sec
    28.008120477,32665,,L1-icache-load-misses,0.00%,72083852,7.21,,
    28.008120477,1625,,LLC-load-misses,0.00%,72005192,7.20,0.03,of all LL-cache hits
    28.008120477,509,,LLC-store-misses,0.00%,108002974,10.80,0.509,K/sec
    28.008120477,4145639,,LLC-stores,0.00%,72002968,7.20,4.145,M/sec
    28.008120477,6361696,,LLC-loads,0.00%,72008843,7.20,6.360,M/sec
    28.008120477,180953453,,dTLB-stores,0.00%,71993257,7.20,180.905,M/sec
    28.008120477,8022,,dTLB-load-misses,0.00%,73568277,7.35,,
    28.008120477,554,,dTLB-store-misses,0.00%,77569267,7.75,0.554,K/sec
    28.008120477,145,,iTLB-loads,0.00%,117555754,11.75,0.145,K/sec
    28.008120477,508,,iTLB-load-misses,0.00%,157547944,15.75,1010.95,of all iTLB cache hits
    28.008120477,63,,node-load-misses,0.00%,159989936,15.99,0.063,K/sec
    28.008120477,1438,,node-loads,0.00%,159996498,16.00,0.001,M/sec
    28.008120477,0,,node-store-misses,0.00%,80005548,8.00,0.000,K/sec
    28.008120477,125,,node-stores,0.00%,80003794,8.00,0.125,K/sec
    29.008379577,9822976560,,instructions,0.00%,110607636,11.06,3.40,insn per cycle
    29.008379577,1937807894,,branches,0.00%,146615058,14.66,1937.292,M/sec
    29.008379577,7720689,,branch-misses,0.00%,182872976,18.28,0.40,of all branches
    29.008379577,7663435,,branch-load-misses,0.00%,180000716,18.00,7.661,M/sec
    29.008379577,2351,,cache-misses,0.00%,179996916,17.99,0.022,of all cache refs
    29.008379577,10389453,,cache-references,0.00%,144012994,14.40,10.387,M/sec
    29.008379577,2891753120,,cycles,0.00%,143742505,14.37,2.891,GHz
    29.008379577,0,,context-switches,0.00%,1000274388,100.00,0.000,K/sec
    29.008379577,1000.274021,,cpu-clock,0.00%,1000274023,100.00,1.000,CPUs utilized
    29.008379577,0,,minor-faults,0.00%,1000273709,100.00,0.000,K/sec
    29.008379577,0,,page-faults,0.00%,1000273268,100.00,0.000,K/sec
    29.008379577,1000.273166,,task-clock,0.00%,1000273172,100.00,1.000,CPUs utilized
    29.008379577,99720597,,bus-cycles,0.00%,144003930,14.40,99.694,M/sec
    29.008379577,2593053255,,ref-cycles,0.00%,181339838,18.13,2592.362,M/sec
    29.008379577,11185413,,L1-dcache-load-misses,0.00%,185328195,18.53,0.38,of all L1-dcache hits
    29.008379577,2991274283,,L1-dcache-loads,0.00%,189317284,18.93,2990.477,M/sec
    29.008379577,180540843,,L1-dcache-stores,0.00%,79997369,8.00,180.493,M/sec
    29.008379577,29331,,L1-icache-load-misses,0.00%,80003610,8.00,,
    29.008379577,1313,,LLC-load-misses,0.00%,80003850,8.00,0.02,of all LL-cache hits
    29.008379577,408,,LLC-store-misses,0.00%,120001301,12.00,0.408,K/sec
    29.008379577,3991127,,LLC-stores,0.00%,80005476,8.00,3.990,M/sec
    29.008379577,6346621,,LLC-loads,0.00%,80008702,8.00,6.345,M/sec
    29.008379577,181017421,,dTLB-stores,0.00%,79991405,8.00,180.969,M/sec
    29.008379577,3413,,dTLB-load-misses,0.00%,79997035,8.00,,
    29.008379577,288,,dTLB-store-misses,0.00%,80002970,8.00,0.288,K/sec
    29.008379577,100,,iTLB-loads,0.00%,120000166,12.00,0.100,K/sec
    29.008379577,313,,iTLB-load-misses,0.00%,160003133,16.00,602.32,of all iTLB cache hits
    29.008379577,31,,node-load-misses,0.00%,159993645,16.00,0.031,K/sec
    29.008379577,1261,,node-loads,0.00%,160261101,16.02,0.001,M/sec
    29.008379577,418,,node-store-misses,0.00%,78999806,7.90,0.418,K/sec
    29.008379577,134,,node-stores,0.00%,74742034,7.47,0.134,K/sec
    30.008626933,9598747426,,instructions,0.00%,117133371,11.71,3.33,insn per cycle
    30.008626933,1905999765,,branches,0.00%,157131655,15.71,1905.496,M/sec
    30.008626933,7775889,,branch-misses,0.00%,197120801,19.71,0.41,of all branches
    30.008626933,7867378,,branch-load-misses,0.00%,199992707,20.00,7.865,M/sec
    30.008626933,1650,,cache-misses,0.00%,200009961,20.00,0.016,of all cache refs
    30.008626933,10328640,,cache-references,0.00%,159995666,16.00,10.326,M/sec
    30.008626933,2891735840,,cycles,0.00%,160008612,16.00,2.891,GHz
    30.008626933,1,,context-switches,0.00%,1000202613,100.00,0.001,K/sec
    30.008626933,1000.205116,,cpu-clock,0.00%,1000202894,100.00,1.000,CPUs utilized
    30.008626933,0,,minor-faults,0.00%,1000203016,100.00,0.000,K/sec
    30.008626933,0,,page-faults,0.00%,1000203515,100.00,0.000,K/sec
    30.008626933,1000.203358,,task-clock,0.00%,1000203352,100.00,1.000,CPUs utilized
    30.008626933,99715635,,bus-cycles,0.00%,159999449,16.00,99.689,M/sec
    30.008626933,2592883736,,ref-cycles,0.00%,199997242,20.00,2592.198,M/sec
    30.008626933,11268372,,L1-dcache-load-misses,0.00%,199990684,19.99,0.38,of all L1-dcache hits
    30.008626933,3010950889,,L1-dcache-loads,0.00%,200007367,20.00,3010.155,M/sec
    30.008626933,181356599,,L1-dcache-stores,0.00%,80002926,8.00,181.309,M/sec
    30.008626933,28996,,L1-icache-load-misses,0.00%,79993726,8.00,,
    30.008626933,1634,,LLC-load-misses,0.00%,80185132,8.02,0.03,of all LL-cache hits
    30.008626933,789,,LLC-store-misses,0.00%,119206422,11.92,0.789,K/sec
    30.008626933,4169815,,LLC-stores,0.00%,75019397,7.50,4.169,M/sec
    30.008626933,6408255,,LLC-loads,0.00%,71990804,7.20,6.407,M/sec
    30.008626933,180203968,,dTLB-stores,0.00%,72006729,7.20,180.156,M/sec
    30.008626933,1523,,dTLB-load-misses,0.00%,72263152,7.22,,
    30.008626933,611,,dTLB-store-misses,0.00%,72004492,7.20,0.611,K/sec
    30.008626933,139,,iTLB-loads,0.00%,108005653,10.80,0.139,K/sec
    30.008626933,590,,iTLB-load-misses,0.00%,144001839,14.40,1075.33,of all iTLB cache hits
    30.008626933,146,,node-load-misses,0.00%,143703238,14.37,0.146,K/sec
    30.008626933,1327,,node-loads,0.00%,143944745,14.39,0.001,M/sec
    30.008626933,137,,node-store-misses,0.00%,73016687,7.30,0.137,K/sec
    30.008626933,533,,node-stores,0.00%,77004688,7.70,0.533,K/sec
    31.008897829,8706758374,,instructions,0.00%,120004392,12.00,3.02,insn per cycle
    31.008897829,1708586451,,branches,0.00%,160012345,16.00,1708.135,M/sec
    31.008897829,6910311,,branch-misses,0.00%,200012078,20.00,0.36,of all branches
    31.008897829,7183894,,branch-load-misses,0.00%,200130149,20.01,7.182,M/sec
    31.008897829,2293,,cache-misses,0.00%,199379564,19.93,0.022,of all cache refs
    31.008897829,10232147,,cache-references,0.00%,155393491,15.54,10.229,M/sec
    31.008897829,2670305969,,cycles,0.00%,151387091,15.13,2.670,GHz
    31.008897829,0,,context-switches,0.00%,1000259228,100.00,0.000,K/sec
    31.008897829,1000.259181,,cpu-clock,0.00%,1000259174,100.00,1.000,CPUs utilized
    31.008897829,0,,minor-faults,0.00%,1000259386,100.00,0.000,K/sec
    31.008897829,0,,page-faults,0.00%,1000259488,100.00,0.000,K/sec
    31.008897829,1000.259173,,task-clock,0.00%,1000259171,100.00,1.000,CPUs utilized
    31.008897829,99674556,,bus-cycles,0.00%,147300871,14.73,99.648,M/sec
    31.008897829,2591969208,,ref-cycles,0.00%,183481390,18.34,2591.284,M/sec
    31.008897829,10776177,,L1-dcache-load-misses,0.00%,180005586,18.00,0.36,of all L1-dcache hits
    31.008897829,2792430479,,L1-dcache-loads,0.00%,179997058,17.99,2791.693,M/sec
    31.008897829,169656336,,L1-dcache-stores,0.00%,71993381,7.20,169.612,M/sec
    31.008897829,29024,,L1-icache-load-misses,0.00%,71994343,7.20,,
    31.008897829,1250,,LLC-load-misses,0.00%,72008922,7.20,0.02,of all LL-cache hits
    31.008897829,1066,,LLC-store-misses,0.00%,108814492,10.88,0.001,M/sec
    31.008897829,3942855,,LLC-stores,0.00%,76789521,7.68,3.942,M/sec
    31.008897829,6229853,,LLC-loads,0.00%,80000678,8.00,6.228,M/sec
    31.008897829,171440324,,dTLB-stores,0.00%,79991241,8.00,171.395,M/sec
    31.008897829,500,,dTLB-load-misses,0.00%,79984435,8.00,,
    31.008897829,300,,dTLB-store-misses,0.00%,80006229,8.00,0.300,K/sec
    31.008897829,67,,iTLB-loads,0.00%,120011107,12.00,0.067,K/sec
    31.008897829,413,,iTLB-load-misses,0.00%,160004914,16.00,747.40,of all iTLB cache hits
    31.008897829,56,,node-load-misses,0.00%,160005676,16.00,0.056,K/sec
    31.008897829,1638,,node-loads,0.00%,159996849,16.00,0.002,M/sec
    31.008897829,0,,node-store-misses,0.00%,79999995,8.00,0.000,K/sec
    31.008897829,475,,node-stores,0.00%,80011409,8.00,0.475,K/sec
    32.009160949,9581604289,,instructions,0.00%,107991573,10.80,3.33,insn per cycle
    32.009160949,1905527394,,branches,0.00%,143999550,14.40,1905.024,M/sec
    32.009160949,7674020,,branch-misses,0.00%,179995999,17.99,0.40,of all branches
    32.009160949,7733867,,branch-load-misses,0.00%,179700273,17.97,7.732,M/sec
    32.009160949,3007,,cache-misses,0.00%,180621404,18.06,0.028,of all cache refs
    32.009160949,10446225,,cache-references,0.00%,148600687,14.86,10.443,M/sec
    32.009160949,2891850378,,cycles,0.00%,152592308,15.26,2.891,GHz
    32.009160949,0,,context-switches,0.00%,1000266226,100.00,0.000,K/sec
    32.009160949,1000.266553,,cpu-clock,0.00%,1000266525,100.00,1.000,CPUs utilized
    32.009160949,0,,minor-faults,0.00%,1000266906,100.00,0.000,K/sec
    32.009160949,0,,page-faults,0.00%,1000266614,100.00,0.000,K/sec
    32.009160949,1000.266925,,task-clock,0.00%,1000266925,100.00,1.000,CPUs utilized
    32.009160949,99719687,,bus-cycles,0.00%,156564315,15.65,99.693,M/sec
    32.009160949,2592987612,,ref-cycles,0.00%,196561531,19.65,2592.302,M/sec
    32.009160949,11352555,,L1-dcache-load-misses,0.00%,199992437,19.99,0.38,of all L1-dcache hits
    32.009160949,3012859045,,L1-dcache-loads,0.00%,199996809,19.99,3012.063,M/sec
    32.009160949,181284123,,L1-dcache-stores,0.00%,79989715,8.00,181.236,M/sec
    32.009160949,32683,,L1-icache-load-misses,0.00%,80002077,8.00,,
    32.009160949,1075,,LLC-load-misses,0.00%,79993753,8.00,0.02,of all LL-cache hits
    32.009160949,242,,LLC-store-misses,0.00%,119997285,12.00,0.242,K/sec
    32.009160949,4167094,,LLC-stores,0.00%,80006485,8.00,4.166,M/sec
    32.009160949,6353375,,LLC-loads,0.00%,80009108,8.00,6.352,M/sec
    32.009160949,180944032,,dTLB-stores,0.00%,79996115,8.00,180.896,M/sec
    32.009160949,1926,,dTLB-load-misses,0.00%,79993651,8.00,,
    32.009160949,374,,dTLB-store-misses,0.00%,80214819,8.02,0.374,K/sec
    32.009160949,117,,iTLB-loads,0.00%,119757176,11.97,0.117,K/sec
    32.009160949,687,,iTLB-load-misses,0.00%,155758851,15.57,1201.31,of all iTLB cache hits
    32.009160949,679,,node-load-misses,0.00%,151769178,15.17,0.679,K/sec
    32.009160949,1342,,node-loads,0.00%,147563683,14.75,0.001,M/sec
    32.009160949,0,,node-store-misses,0.00%,72291614,7.23,0.000,K/sec
    32.009160949,722,,node-stores,0.00%,72000792,7.20,0.722,K/sec
    33.009441027,9710728411,,instructions,0.00%,120018006,12.00,3.37,insn per cycle
    33.009441027,1921196567,,branches,0.00%,159999608,16.00,1920.688,M/sec
    33.009441027,7819480,,branch-misses,0.00%,200010491,20.00,0.41,of all branches
    33.009441027,7809555,,branch-load-misses,0.00%,199999361,19.99,7.807,M/sec
    33.009441027,2796,,cache-misses,0.00%,200006238,20.00,0.026,of all cache refs
    33.009441027,10559565,,cache-references,0.00%,160006918,16.00,10.557,M/sec
    33.009441027,2891894887,,cycles,0.00%,159990306,15.99,2.891,GHz
    33.009441027,0,,context-switches,0.00%,1000277486,100.00,0.000,K/sec
    33.009441027,1000.276991,,cpu-clock,0.00%,1000277027,100.00,1.000,CPUs utilized
    33.009441027,0,,minor-faults,0.00%,1000276403,100.00,0.000,K/sec
    33.009441027,0,,page-faults,0.00%,1000276287,100.00,0.000,K/sec
    33.009441027,1000.277342,,task-clock,0.00%,1000277110,100.00,1.000,CPUs utilized
    33.009441027,99721919,,bus-cycles,0.00%,160014272,16.00,99.696,M/sec
    33.009441027,2593055594,,ref-cycles,0.00%,199999303,19.99,2592.369,M/sec
    33.009441027,11177487,,L1-dcache-load-misses,0.00%,200282871,20.02,0.38,of all L1-dcache hits
    33.009441027,2983284478,,L1-dcache-loads,0.00%,199993596,19.99,2982.495,M/sec
    33.009441027,179647115,,L1-dcache-stores,0.00%,75706252,7.57,179.600,M/sec
    33.009441027,29843,,L1-icache-load-misses,0.00%,71997360,7.20,,
    33.009441027,1000,,LLC-load-misses,0.00%,72005578,7.20,0.02,of all LL-cache hits
    33.009441027,425,,LLC-store-misses,0.00%,108200405,10.82,0.425,K/sec
    33.009441027,3919416,,LLC-stores,0.00%,71999252,7.20,3.918,M/sec
    33.009441027,6230943,,LLC-loads,0.00%,71796204,7.18,6.229,M/sec
    33.009441027,179960445,,dTLB-stores,0.00%,71994253,7.20,179.913,M/sec
    33.009441027,514,,dTLB-load-misses,0.00%,72004660,7.20,,
    33.009441027,0,,dTLB-store-misses,0.00%,72004875,7.20,0.000,K/sec
    33.009441027,102,,iTLB-loads,0.00%,108257072,10.82,0.102,K/sec
    33.009441027,607,,iTLB-load-misses,0.00%,148242624,14.82,1036.80,of all iTLB cache hits
    33.009441027,191,,node-load-misses,0.00%,152253305,15.22,0.191,K/sec
    33.009441027,1434,,node-loads,0.00%,156224329,15.62,0.001,M/sec
    33.009441027,0,,node-store-misses,0.00%,79979897,8.00,0.000,K/sec
    33.009441027,425,,node-stores,0.00%,80003567,8.00,0.425,K/sec
    34.009691414,9598664926,,instructions,0.00%,120000691,12.00,3.33,insn per cycle
    34.009691414,1905886353,,branches,0.00%,156188683,15.61,1905.383,M/sec
    34.009691414,7806457,,branch-misses,0.00%,192207964,19.22,0.41,of all branches
    34.009691414,7810687,,branch-load-misses,0.00%,188194651,18.81,7.809,M/sec
    34.009691414,1976,,cache-misses,0.00%,184220228,18.42,0.019,of all cache refs
    34.009691414,10354268,,cache-references,0.00%,144001423,14.40,10.352,M/sec
    34.009691414,2891719466,,cycles,0.00%,143983746,14.39,2.891,GHz
    34.009691414,1,,context-switches,0.00%,1000244548,100.00,0.001,K/sec
    34.009691414,1000.246083,,cpu-clock,0.00%,1000244819,100.00,1.000,CPUs utilized
    34.009691414,0,,minor-faults,0.00%,1000244881,100.00,0.000,K/sec
    34.009691414,0,,page-faults,0.00%,1000245216,100.00,0.000,K/sec
    34.009691414,1000.244086,,task-clock,0.00%,1000244319,100.00,1.000,CPUs utilized
    34.009691414,99714579,,bus-cycles,0.00%,144010898,14.40,99.688,M/sec
    34.009691414,2592783697,,ref-cycles,0.00%,179985701,17.99,2592.099,M/sec
    34.009691414,11359991,,L1-dcache-load-misses,0.00%,179669423,17.96,0.38,of all L1-dcache hits
    34.009691414,2983492341,,L1-dcache-loads,0.00%,180007829,18.00,2982.705,M/sec
    34.009691414,175474433,,L1-dcache-stores,0.00%,76001560,7.60,175.428,M/sec
    34.009691414,29644,,L1-icache-load-misses,0.00%,80001323,8.00,,
    34.009691414,888,,LLC-load-misses,0.00%,79998737,8.00,0.01,of all LL-cache hits
    34.009691414,208,,LLC-store-misses,0.00%,119996971,12.00,0.208,K/sec
    34.009691414,4097337,,LLC-stores,0.00%,80009359,8.00,4.096,M/sec
    34.009691414,6333960,,LLC-loads,0.00%,79999677,8.00,6.332,M/sec
    34.009691414,180547985,,dTLB-stores,0.00%,79989231,8.00,180.500,M/sec
    34.009691414,675,,dTLB-load-misses,0.00%,80005326,8.00,,
    34.009691414,0,,dTLB-store-misses,0.00%,80006502,8.00,0.000,K/sec
    34.009691414,67,,iTLB-loads,0.00%,120003485,12.00,0.067,K/sec
    34.009691414,244,,iTLB-load-misses,0.00%,160011995,16.00,415.01,of all iTLB cache hits
    34.009691414,50,,node-load-misses,0.00%,159998062,16.00,0.050,K/sec
    34.009691414,1107,,node-loads,0.00%,159994918,16.00,0.001,M/sec
    34.009691414,0,,node-store-misses,0.00%,79999061,8.00,0.000,K/sec
    34.009691414,548,,node-stores,0.00%,80300815,8.03,0.548,K/sec
    35.009944721,9598144093,,instructions,0.00%,108008900,10.80,3.33,insn per cycle
    35.009944721,1909525291,,branches,0.00%,147820446,14.78,1909.022,M/sec
    35.009944721,7691008,,branch-misses,0.00%,187806034,18.78,0.40,of all branches
    35.009944721,7695756,,branch-load-misses,0.00%,191800310,19.18,7.694,M/sec
    35.009944721,2258,,cache-misses,0.00%,195792741,19.57,0.021,of all cache refs
    35.009944721,10308788,,cache-references,0.00%,159995464,16.00,10.306,M/sec
    35.009944721,2891735560,,cycles,0.00%,160001379,16.00,2.891,GHz
    35.009944721,0,,context-switches,0.00%,1000247396,100.00,0.000,K/sec
    35.009944721,1000.248176,,cpu-clock,0.00%,1000248149,100.00,1.000,CPUs utilized
    35.009944721,0,,minor-faults,0.00%,1000248043,100.00,0.000,K/sec
    35.009944721,0,,page-faults,0.00%,1000247861,100.00,0.000,K/sec
    35.009944721,1000.248079,,task-clock,0.00%,1000248081,100.00,1.000,CPUs utilized
    35.009944721,99715227,,bus-cycles,0.00%,159999655,16.00,99.689,M/sec
    35.009944721,2592898783,,ref-cycles,0.00%,199994928,19.99,2592.215,M/sec
    35.009944721,11253135,,L1-dcache-load-misses,0.00%,200002481,20.00,0.38,of all L1-dcache hits
    35.009944721,3014793927,,L1-dcache-loads,0.00%,200003790,20.00,3013.999,M/sec
    35.009944721,178492462,,L1-dcache-stores,0.00%,80001091,8.00,178.445,M/sec
    35.009944721,28697,,L1-icache-load-misses,0.00%,79992863,8.00,,
    35.009944721,888,,LLC-load-misses,0.00%,79993337,8.00,0.01,of all LL-cache hits
    35.009944721,117,,LLC-store-misses,0.00%,119999871,12.00,0.117,K/sec
    35.009944721,4057985,,LLC-stores,0.00%,80360351,8.03,4.057,M/sec
    35.009944721,6246702,,LLC-loads,0.00%,79996184,8.00,6.245,M/sec
    35.009944721,180931448,,dTLB-stores,0.00%,76174612,7.62,180.884,M/sec
    35.009944721,841,,dTLB-load-misses,0.00%,72545543,7.25,,
    35.009944721,0,,dTLB-store-misses,0.00%,72002248,7.20,0.000,K/sec
    35.009944721,18,,iTLB-loads,0.00%,108370187,10.83,0.018,K/sec
    35.009944721,597,,iTLB-load-misses,0.00%,144009684,14.40,1035.94,of all iTLB cache hits
    35.009944721,83,,node-load-misses,0.00%,143997520,14.40,0.083,K/sec
    35.009944721,1389,,node-loads,0.00%,143998826,14.40,0.001,M/sec
    35.009944721,42,,node-store-misses,0.00%,71996821,7.20,0.042,K/sec
    35.009944721,194,,node-stores,0.00%,71999159,7.20,0.194,K/sec
    36.010208498,9717315393,,instructions,0.00%,120004676,12.00,3.37,insn per cycle
    36.010208498,1923266206,,branches,0.00%,159996778,16.00,1922.760,M/sec
    36.010208498,7730521,,branch-misses,0.00%,199995856,19.99,0.41,of all branches
    36.010208498,7729044,,branch-load-misses,0.00%,199988867,19.99,7.727,M/sec
    36.010208498,1775,,cache-misses,0.00%,199996971,19.99,0.017,of all cache refs
    36.010208498,10357890,,cache-references,0.00%,160344063,16.03,10.355,M/sec
    36.010208498,2891817166,,cycles,0.00%,160005127,16.00,2.891,GHz
    36.010208498,0,,context-switches,0.00%,1000255661,100.00,0.000,K/sec
    36.010208498,1000.255502,,cpu-clock,0.00%,1000255532,100.00,1.000,CPUs utilized
    36.010208498,0,,minor-faults,0.00%,1000255648,100.00,0.000,K/sec
    36.010208498,0,,page-faults,0.00%,1000255837,100.00,0.000,K/sec
    36.010208498,1000.255974,,task-clock,0.00%,1000255972,100.00,1.000,CPUs utilized
    36.010208498,99714502,,bus-cycles,0.00%,156752890,15.67,99.688,M/sec
    36.010208498,2592874869,,ref-cycles,0.00%,192757959,19.27,2592.192,M/sec
    36.010208498,11306154,,L1-dcache-load-misses,0.00%,188776986,18.87,0.38,of all L1-dcache hits
    36.010208498,3005020669,,L1-dcache-loads,0.00%,184745489,18.47,3004.229,M/sec
    36.010208498,174647938,,L1-dcache-stores,0.00%,71993553,7.20,174.602,M/sec
    36.010208498,33156,,L1-icache-load-misses,0.00%,71679676,7.17,,
    36.010208498,1014,,LLC-load-misses,0.00%,71997124,7.20,0.02,of all LL-cache hits
    36.010208498,176,,LLC-store-misses,0.00%,107995154,10.80,0.176,K/sec
    36.010208498,4041169,,LLC-stores,0.00%,72002072,7.20,4.040,M/sec
    36.010208498,6172346,,LLC-loads,0.00%,72009005,7.20,6.171,M/sec
    36.010208498,175304717,,dTLB-stores,0.00%,75468770,7.54,175.259,M/sec
    36.010208498,529,,dTLB-load-misses,0.00%,79458150,7.94,,
    36.010208498,0,,dTLB-store-misses,0.00%,80002809,8.00,0.000,K/sec
    36.010208498,17,,iTLB-loads,0.00%,119994642,12.00,0.017,K/sec
    36.010208498,256,,iTLB-load-misses,0.00%,160002395,16.00,453.10,of all iTLB cache hits
    36.010208498,44,,node-load-misses,0.00%,159996867,16.00,0.044,K/sec
    36.010208498,1169,,node-loads,0.00%,159993655,16.00,0.001,M/sec
    36.010208498,0,,node-store-misses,0.00%,80010542,8.00,0.000,K/sec
    36.010208498,175,,node-stores,0.00%,80000883,8.00,0.175,K/sec
    37.010460883,9649218068,,instructions,0.00%,108467792,10.84,3.35,insn per cycle
    37.010460883,1895622690,,branches,0.00%,144002871,14.40,1895.124,M/sec
    37.010460883,7576365,,branch-misses,0.00%,179995283,17.99,0.40,of all branches
    37.010460883,7575084,,branch-load-misses,0.00%,180014009,18.00,7.573,M/sec
    37.010460883,10481,,cache-misses,0.00%,179997235,18.00,0.100,of all cache refs
    37.010460883,9646525,,cache-references,0.00%,143991026,14.40,9.644,M/sec
    37.010460883,2891593102,,cycles,0.00%,144020840,14.40,2.891,GHz
    37.010460883,0,,context-switches,0.00%,1000260517,100.00,0.000,K/sec
    37.010460883,1000.260973,,cpu-clock,0.00%,1000260972,100.00,1.000,CPUs utilized
    37.010460883,0,,minor-faults,0.00%,1000260819,100.00,0.000,K/sec
    37.010460883,0,,page-faults,0.00%,1000260956,100.00,0.000,K/sec
    37.010460883,1000.260691,,task-clock,0.00%,1000260690,100.00,1.000,CPUs utilized
    37.010460883,99710972,,bus-cycles,0.00%,147232897,14.72,99.685,M/sec
    37.010460883,2592741062,,ref-cycles,0.00%,187218889,18.72,2592.058,M/sec
    37.010460883,10133940,,L1-dcache-load-misses,0.00%,191249219,19.12,0.34,of all L1-dcache hits
    37.010460883,2985118238,,L1-dcache-loads,0.00%,195240318,19.52,2984.332,M/sec
    37.010460883,176571415,,L1-dcache-stores,0.00%,80001999,8.00,176.525,M/sec
    37.010460883,34059,,L1-icache-load-misses,0.00%,79999821,8.00,,
    37.010460883,5415,,LLC-load-misses,0.00%,79978087,8.00,0.09,of all LL-cache hits
    37.010460883,2826,,LLC-store-misses,0.00%,119992584,12.00,0.003,M/sec
    37.010460883,3753548,,LLC-stores,0.00%,80003782,8.00,3.753,M/sec
    37.010460883,5611197,,LLC-loads,0.00%,80015210,8.00,5.610,M/sec
    37.010460883,176396276,,dTLB-stores,0.00%,80015993,8.00,176.350,M/sec
    37.010460883,825,,dTLB-load-misses,0.00%,79983839,8.00,,
    37.010460883,13,,dTLB-store-misses,0.00%,79997757,8.00,0.013,K/sec
    37.010460883,17,,iTLB-loads,0.00%,120000230,12.00,0.017,K/sec
    37.010460883,455,,iTLB-load-misses,0.00%,160448090,16.04,820.82,of all iTLB cache hits
    37.010460883,144,,node-load-misses,0.00%,159999251,16.00,0.144,K/sec
    37.010460883,5878,,node-loads,0.00%,157068514,15.70,0.006,M/sec
    37.010460883,397,,node-store-misses,0.00%,73074490,7.31,0.397,K/sec
    37.010460883,4516,,node-stores,0.00%,71991948,7.20,0.005,M/sec
    38.010713292,9710662298,,instructions,0.00%,119992327,12.00,3.37,insn per cycle
    38.010713292,1902291464,,branches,0.00%,159998970,16.00,1901.792,M/sec
    38.010713292,7633530,,branch-misses,0.00%,199997450,20.00,0.40,of all branches
    38.010713292,7636499,,branch-load-misses,0.00%,200005878,20.00,7.634,M/sec
    38.010713292,2236,,cache-misses,0.00%,199997888,20.00,0.021,of all cache refs
    38.010713292,11101789,,cache-references,0.00%,159994564,16.00,11.099,M/sec
    38.010713292,2891751495,,cycles,0.00%,160010574,16.00,2.891,GHz
    38.010713292,1,,context-switches,0.00%,1000229705,100.00,0.001,K/sec
    38.010713292,1000.229264,,cpu-clock,0.00%,1000228514,100.00,1.000,CPUs utilized
    38.010713292,0,,minor-faults,0.00%,1000228617,100.00,0.000,K/sec
    38.010713292,0,,page-faults,0.00%,1000227978,100.00,0.000,K/sec
    38.010713292,1000.228619,,task-clock,0.00%,1000228621,100.00,1.000,CPUs utilized
    38.010713292,99715499,,bus-cycles,0.00%,159990305,16.00,99.689,M/sec
    38.010713292,2592895088,,ref-cycles,0.00%,199993146,19.99,2592.215,M/sec
    38.010713292,11990455,,L1-dcache-load-misses,0.00%,199994732,19.99,0.40,of all L1-dcache hits
    38.010713292,2972360099,,L1-dcache-loads,0.00%,199998544,20.00,2971.580,M/sec
    38.010713292,173266772,,L1-dcache-stores,0.00%,80478264,8.05,173.221,M/sec
    38.010713292,38045,,L1-icache-load-misses,0.00%,80002292,8.00,,
    38.010713292,3086,,LLC-load-misses,0.00%,76805985,7.68,0.05,of all LL-cache hits
    38.010713292,257,,LLC-store-misses,0.00%,112808990,11.28,0.257,K/sec
    38.010713292,4630118,,LLC-stores,0.00%,71999443,7.20,4.629,M/sec
    38.010713292,6478949,,LLC-loads,0.00%,72321443,7.23,6.477,M/sec
    38.010713292,172853055,,dTLB-stores,0.00%,72011515,7.20,172.808,M/sec
    38.010713292,6600,,dTLB-load-misses,0.00%,71681853,7.17,,
    38.010713292,14,,dTLB-store-misses,0.00%,72003630,7.20,0.014,K/sec
    38.010713292,19,,iTLB-loads,0.00%,107964623,10.79,0.019,K/sec
    38.010713292,222,,iTLB-load-misses,0.00%,143969831,14.39,407.54,of all iTLB cache hits
    38.010713292,139,,node-load-misses,0.00%,143988710,14.40,0.139,K/sec
    38.010713292,2465,,node-loads,0.00%,146907799,14.69,0.002,M/sec
    38.010713292,38,,node-store-misses,0.00%,78920674,7.89,0.038,K/sec
    38.010713292,38,,node-stores,0.00%,79998316,8.00,0.038,K/sec
    39.010967276,9706324432,,instructions,0.00%,120005448,12.00,3.37,insn per cycle
    39.010967276,1888535493,,branches,0.00%,160412921,16.04,1888.042,M/sec
    39.010967276,7586253,,branch-misses,0.00%,200017250,20.00,0.40,of all branches
    39.010967276,7583648,,branch-load-misses,0.00%,197477801,19.74,7.582,M/sec
    39.010967276,2239,,cache-misses,0.00%,193470912,19.34,0.021,of all cache refs
    39.010967276,11233013,,cache-references,0.00%,149074850,14.90,11.230,M/sec
    39.010967276,2891681728,,cycles,0.00%,145873133,14.58,2.891,GHz
    39.010967276,1,,context-switches,0.00%,1000215152,100.00,0.001,K/sec
    39.010967276,1000.215288,,cpu-clock,0.00%,1000214820,100.00,1.000,CPUs utilized
    39.010967276,0,,minor-faults,0.00%,1000215292,100.00,0.000,K/sec
    39.010967276,0,,page-faults,0.00%,1000215844,100.00,0.000,K/sec
    39.010967276,1000.215483,,task-clock,0.00%,1000215481,100.00,1.000,CPUs utilized
    39.010967276,99713470,,bus-cycles,0.00%,144009311,14.40,99.687,M/sec
    39.010967276,2592828308,,ref-cycles,0.00%,179995423,18.00,2592.151,M/sec
    39.010967276,11867221,,L1-dcache-load-misses,0.00%,180006249,18.00,0.40,of all L1-dcache hits
    39.010967276,2945781003,,L1-dcache-loads,0.00%,180003373,18.00,2945.012,M/sec
    39.010967276,178678830,,L1-dcache-stores,0.00%,71997580,7.20,178.632,M/sec
    39.010967276,36393,,L1-icache-load-misses,0.00%,72008402,7.20,,
    39.010967276,2530,,LLC-load-misses,0.00%,74712981,7.47,0.04,of all LL-cache hits
    39.010967276,523,,LLC-store-misses,0.00%,114706249,11.47,0.523,K/sec
    39.010967276,4623268,,LLC-stores,0.00%,80010040,8.00,4.622,M/sec
    39.010967276,6571622,,LLC-loads,0.00%,79961288,7.99,6.570,M/sec
    39.010967276,175927087,,dTLB-stores,0.00%,79958494,7.99,175.881,M/sec
    39.010967276,3750,,dTLB-load-misses,0.00%,80021910,8.00,,
    39.010967276,0,,dTLB-store-misses,0.00%,80002197,8.00,0.000,K/sec
    39.010967276,0,,iTLB-loads,0.00%,119991898,12.00,0.000,K/sec
    39.010967276,25,,iTLB-load-misses,0.00%,160005056,16.00,47.10,of all iTLB cache hits
    39.010967276,38,,node-load-misses,0.00%,159986678,16.00,0.038,K/sec
    39.010967276,1888,,node-loads,0.00%,159990833,16.00,0.002,M/sec
    39.010967276,0,,node-store-misses,0.00%,79993004,8.00,0.000,K/sec
    39.010967276,13,,node-stores,0.00%,80003634,8.00,0.013,K/sec
    40.011221442,9679016708,,instructions,0.00%,107995955,10.80,3.36,insn per cycle
    40.011221442,1911505884,,branches,0.00%,143996002,14.40,1911.009,M/sec
    40.011221442,7696203,,branch-misses,0.00%,180008800,18.00,0.40,of all branches
    40.011221442,7703688,,branch-load-misses,0.00%,182524441,18.25,7.702,M/sec
    40.011221442,3030,,cache-misses,0.00%,186517844,18.65,0.029,of all cache refs
    40.011221442,10948114,,cache-references,0.00%,154521326,15.45,10.945,M/sec
    40.011221442,2891713682,,cycles,0.00%,158491494,15.85,2.891,GHz
    40.011221442,1,,context-switches,0.00%,1000207493,100.00,0.001,K/sec
    40.011221442,1000.207835,,cpu-clock,0.00%,1000207921,100.00,1.000,CPUs utilized
    40.011221442,0,,minor-faults,0.00%,1000207408,100.00,0.000,K/sec
    40.011221442,0,,page-faults,0.00%,1000206917,100.00,0.000,K/sec
    40.011221442,1000.206494,,task-clock,0.00%,1000206495,100.00,1.000,CPUs utilized
    40.011221442,99709249,,bus-cycles,0.00%,160009312,16.00,99.683,M/sec
    40.011221442,2592736321,,ref-cycles,0.00%,200005170,20.00,2592.063,M/sec
    40.011221442,12026965,,L1-dcache-load-misses,0.00%,200007517,20.00,0.40,of all L1-dcache hits
    40.011221442,2972648386,,L1-dcache-loads,0.00%,200001623,20.00,2971.876,M/sec
    40.011221442,178729812,,L1-dcache-stores,0.00%,79997109,8.00,178.683,M/sec
    40.011221442,32558,,L1-icache-load-misses,0.00%,79996695,8.00,,
    40.011221442,2026,,LLC-load-misses,0.00%,79996935,8.00,0.03,of all LL-cache hits
    40.011221442,233,,LLC-store-misses,0.00%,120001837,12.00,0.233,K/sec
    40.011221442,4629130,,LLC-stores,0.00%,80010791,8.00,4.628,M/sec
    40.011221442,6538550,,LLC-loads,0.00%,79996515,8.00,6.537,M/sec
    40.011221442,173702270,,dTLB-stores,0.00%,80317930,8.03,173.657,M/sec
    40.011221442,7139,,dTLB-load-misses,0.00%,80000118,8.00,,
    40.011221442,142,,dTLB-store-misses,0.00%,77481103,7.75,0.142,K/sec
    40.011221442,44,,iTLB-loads,0.00%,113484673,11.35,0.044,K/sec
    40.011221442,167,,iTLB-load-misses,0.00%,149491969,14.95,315.99,of all iTLB cache hits
    40.011221442,889,,node-load-misses,0.00%,146202336,14.62,0.889,K/sec
    40.011221442,2279,,node-loads,0.00%,143973961,14.39,0.002,M/sec
    40.011221442,14,,node-store-misses,0.00%,71591074,7.16,0.014,K/sec
    40.011221442,181,,node-stores,0.00%,71993997,7.20,0.181,K/sec
    41.011471463,9707869872,,instructions,0.00%,119993737,12.00,3.37,insn per cycle
    41.011471463,1916864004,,branches,0.00%,159996841,16.00,1916.366,M/sec
    41.011471463,7809518,,branch-misses,0.00%,200001289,20.00,0.41,of all branches
    41.011471463,7807530,,branch-load-misses,0.00%,200005454,20.00,7.806,M/sec
    41.011471463,2075,,cache-misses,0.00%,200003062,20.00,0.020,of all cache refs
    41.011471463,11163356,,cache-references,0.00%,159998400,16.00,11.160,M/sec
    41.011471463,2891829906,,cycles,0.00%,159992815,16.00,2.891,GHz
    41.011471463,0,,context-switches,0.00%,1000251377,100.00,0.000,K/sec
    41.011471463,1000.251643,,cpu-clock,0.00%,1000251643,100.00,1.000,CPUs utilized
    41.011471463,0,,minor-faults,0.00%,1000252812,100.00,0.000,K/sec
    41.011471463,0,,page-faults,0.00%,1000253882,100.00,0.000,K/sec
    41.011471463,1000.255306,,task-clock,0.00%,1000255306,100.00,1.000,CPUs utilized
    41.011471463,99719957,,bus-cycles,0.00%,160490268,16.04,99.694,M/sec
    41.011471463,2592927400,,ref-cycles,0.00%,199994213,19.99,2592.254,M/sec
    41.011471463,11928939,,L1-dcache-load-misses,0.00%,198022857,19.80,0.40,of all L1-dcache hits
    41.011471463,2953839166,,L1-dcache-loads,0.00%,194040954,19.40,2953.072,M/sec
    41.011471463,178923981,,L1-dcache-stores,0.00%,72003047,7.20,178.878,M/sec
    41.011471463,33052,,L1-icache-load-misses,0.00%,72511248,7.25,,
    41.011471463,2500,,LLC-load-misses,0.00%,72007335,7.20,0.04,of all LL-cache hits
    41.011471463,528,,LLC-store-misses,0.00%,108005910,10.80,0.528,K/sec
    41.011471463,4599378,,LLC-stores,0.00%,71993843,7.20,4.598,M/sec
    41.011471463,6535676,,LLC-loads,0.00%,71994855,7.20,6.534,M/sec
    41.011471463,178811293,,dTLB-stores,0.00%,72012591,7.20,178.765,M/sec
    41.011471463,7848,,dTLB-load-misses,0.00%,72010163,7.20,,
    41.011471463,539,,dTLB-store-misses,0.00%,74178067,7.42,0.539,K/sec
    41.011471463,96,,iTLB-loads,0.00%,114170673,11.41,0.096,K/sec
    41.011471463,532,,iTLB-load-misses,0.00%,154173290,15.41,986.97,of all iTLB cache hits
    41.011471463,57,,node-load-misses,0.00%,158163726,15.81,0.057,K/sec
    41.011471463,1763,,node-loads,0.00%,160005385,16.00,0.002,M/sec
    41.011471463,0,,node-store-misses,0.00%,80001711,8.00,0.000,K/sec
    41.011471463,13,,node-stores,0.00%,79993859,8.00,0.013,K/sec
    42.011751881,9682034789,,instructions,0.00%,113773741,11.37,3.36,insn per cycle
    42.011751881,1911276277,,branches,0.00%,149780740,14.97,1910.780,M/sec
    42.011751881,7754798,,branch-misses,0.00%,186189700,18.61,0.41,of all branches
    42.011751881,7700551,,branch-load-misses,0.00%,182269253,18.22,7.699,M/sec
    42.011751881,2551,,cache-misses,0.00%,179988455,17.99,0.024,of all cache refs
    42.011751881,11067447,,cache-references,0.00%,144010116,14.40,11.065,M/sec
    42.011751881,2891551371,,cycles,0.00%,143574501,14.35,2.891,GHz
    42.011751881,1,,context-switches,0.00%,1000257806,100.00,0.001,K/sec
    42.011751881,1000.259703,,cpu-clock,0.00%,1000258790,100.00,1.000,CPUs utilized
    42.011751881,0,,minor-faults,0.00%,1000258103,100.00,0.000,K/sec
    42.011751881,0,,page-faults,0.00%,1000257578,100.00,0.000,K/sec
    42.011751881,1000.256180,,task-clock,0.00%,1000256081,100.00,1.000,CPUs utilized
    42.011751881,99712915,,bus-cycles,0.00%,143963246,14.39,99.687,M/sec
    42.011751881,2592857600,,ref-cycles,0.00%,179984705,17.99,2592.184,M/sec
    42.011751881,11864278,,L1-dcache-load-misses,0.00%,181953377,18.19,0.40,of all L1-dcache hits
    42.011751881,2950820923,,L1-dcache-loads,0.00%,185941529,18.59,2950.055,M/sec
    42.011751881,178738343,,L1-dcache-stores,0.00%,80003045,8.00,178.692,M/sec
    42.011751881,29305,,L1-icache-load-misses,0.00%,80006628,8.00,,
    42.011751881,2063,,LLC-load-misses,0.00%,80004238,8.00,0.03,of all LL-cache hits
    42.011751881,283,,LLC-store-misses,0.00%,119997906,12.00,0.283,K/sec
    42.011751881,4603546,,LLC-stores,0.00%,79995919,8.00,4.602,M/sec
    42.011751881,6498970,,LLC-loads,0.00%,80007611,8.00,6.497,M/sec
    42.011751881,178728270,,dTLB-stores,0.00%,80000354,8.00,178.682,M/sec
    42.011751881,3651,,dTLB-load-misses,0.00%,79998426,8.00,,
    42.011751881,225,,dTLB-store-misses,0.00%,79999941,8.00,0.225,K/sec
    42.011751881,33,,iTLB-loads,0.00%,119997802,12.00,0.033,K/sec
    42.011751881,275,,iTLB-load-misses,0.00%,159993572,16.00,514.94,of all iTLB cache hits
    42.011751881,6,,node-load-misses,0.00%,159990602,15.99,0.006,K/sec
    42.011751881,1552,,node-loads,0.00%,160459294,16.04,0.002,M/sec
    42.011751881,13,,node-store-misses,0.00%,80005524,8.00,0.013,K/sec
    42.011751881,39,,node-stores,0.00%,77915394,7.79,0.039,K/sec
    43.012027249,9472948468,,instructions,0.00%,113766979,11.37,3.29,insn per cycle
    43.012027249,1882667026,,branches,0.00%,153761579,15.37,1882.178,M/sec
    43.012027249,7866608,,branch-misses,0.00%,193752770,19.37,0.41,of all branches
    43.012027249,7763202,,branch-load-misses,0.00%,197746171,19.77,7.761,M/sec
    43.012027249,3571,,cache-misses,0.00%,200003412,20.00,0.034,of all cache refs
    43.012027249,11133525,,cache-references,0.00%,159996892,16.00,11.131,M/sec
    43.012027249,2891733134,,cycles,0.00%,160004871,16.00,2.891,GHz
    43.012027249,0,,context-switches,0.00%,1000262701,100.00,0.000,K/sec
    43.012027249,1000.262785,,cpu-clock,0.00%,1000262778,100.00,1.000,CPUs utilized
    43.012027249,0,,minor-faults,0.00%,1000262853,100.00,0.000,K/sec
    43.012027249,0,,page-faults,0.00%,1000262376,100.00,0.000,K/sec
    43.012027249,1000.262611,,task-clock,0.00%,1000262710,100.00,1.000,CPUs utilized
    43.012027249,99715552,,bus-cycles,0.00%,159989420,15.99,99.690,M/sec
    43.012027249,2592913891,,ref-cycles,0.00%,200006819,20.00,2592.240,M/sec
    43.012027249,11976140,,L1-dcache-load-misses,0.00%,199996880,19.99,0.40,of all L1-dcache hits
    43.012027249,2974836614,,L1-dcache-loads,0.00%,200003302,20.00,2974.064,M/sec
    43.012027249,178730344,,L1-dcache-stores,0.00%,80004118,8.00,178.684,M/sec
    43.012027249,28867,,L1-icache-load-misses,0.00%,80008103,8.00,,
    43.012027249,2251,,LLC-load-misses,0.00%,80428985,8.04,0.04,of all LL-cache hits
    43.012027249,292,,LLC-store-misses,0.00%,120004264,12.00,0.292,K/sec
    43.012027249,4603081,,LLC-stores,0.00%,78172692,7.82,4.602,M/sec
    43.012027249,6524747,,LLC-loads,0.00%,74596289,7.46,6.523,M/sec
    43.012027249,178678705,,dTLB-stores,0.00%,71993915,7.20,178.632,M/sec
    43.012027249,1602,,dTLB-load-misses,0.00%,72424834,7.24,,
    43.012027249,681,,dTLB-store-misses,0.00%,72004091,7.20,0.681,K/sec
    43.012027249,111,,iTLB-loads,0.00%,107997217,10.80,0.111,K/sec
    43.012027249,611,,iTLB-load-misses,0.00%,143992531,14.40,1116.10,of all iTLB cache hits
    43.012027249,91,,node-load-misses,0.00%,143573616,14.35,0.091,K/sec
    43.012027249,1778,,node-loads,0.00%,143990114,14.40,0.002,M/sec
    43.012027249,14,,node-store-misses,0.00%,72009227,7.20,0.014,K/sec
    43.012027249,516,,node-stores,0.00%,73632519,7.36,0.516,K/sec
    44.012282459,9584646910,,instructions,0.00%,120002656,12.00,3.32,insn per cycle
    44.012282459,1895865395,,branches,0.00%,160003902,16.00,1895.373,M/sec
    44.012282459,7642877,,branch-misses,0.00%,200009792,20.00,0.40,of all branches
    44.012282459,7597079,,branch-load-misses,0.00%,200511362,20.05,7.595,M/sec
    44.012282459,2501,,cache-misses,0.00%,199993335,19.99,0.024,of all cache refs
    44.012282459,11035699,,cache-references,0.00%,158788712,15.87,11.033,M/sec
    44.012282459,2891717486,,cycles,0.00%,154782351,15.47,2.891,GHz
    44.012282459,0,,context-switches,0.00%,1000266972,100.00,0.000,K/sec
    44.012282459,1000.265398,,cpu-clock,0.00%,1000265232,100.00,1.000,CPUs utilized
    44.012282459,0,,minor-faults,0.00%,1000265270,100.00,0.000,K/sec
    44.012282459,0,,page-faults,0.00%,1000265578,100.00,0.000,K/sec
    44.012282459,1000.265571,,task-clock,0.00%,1000265570,100.00,1.000,CPUs utilized
    44.012282459,99712395,,bus-cycles,0.00%,150307074,15.03,99.686,M/sec
    44.012282459,2592856467,,ref-cycles,0.00%,186771557,18.67,2592.183,M/sec
    44.012282459,11931202,,L1-dcache-load-misses,0.00%,182849167,18.28,0.40,of all L1-dcache hits
    44.012282459,2951011833,,L1-dcache-loads,0.00%,179997302,17.99,2950.245,M/sec
    44.012282459,178846601,,L1-dcache-stores,0.00%,71996099,7.20,178.800,M/sec
    44.012282459,29246,,L1-icache-load-misses,0.00%,71994434,7.20,,
    44.012282459,1584,,LLC-load-misses,0.00%,71997398,7.20,0.03,of all LL-cache hits
    44.012282459,389,,LLC-store-misses,0.00%,108010605,10.80,0.389,K/sec
    44.012282459,4469590,,LLC-stores,0.00%,73403036,7.34,4.468,M/sec
    44.012282459,6535106,,LLC-loads,0.00%,77388673,7.74,6.533,M/sec
    44.012282459,178871841,,dTLB-stores,0.00%,79995916,8.00,178.825,M/sec
    44.012282459,525,,dTLB-load-misses,0.00%,79997099,8.00,,
    44.012282459,250,,dTLB-store-misses,0.00%,80016655,8.00,0.250,K/sec
    44.012282459,50,,iTLB-loads,0.00%,120005805,12.00,0.050,K/sec
    44.012282459,269,,iTLB-load-misses,0.00%,160011660,16.00,492.35,of all iTLB cache hits
    44.012282459,56,,node-load-misses,0.00%,160002067,16.00,0.056,K/sec
    44.012282459,1357,,node-loads,0.00%,159990922,16.00,0.001,M/sec
    44.012282459,0,,node-store-misses,0.00%,80008189,8.00,0.000,K/sec
    44.012282459,313,,node-stores,0.00%,80004920,8.00,0.313,K/sec
    45.012536858,9472310556,,instructions,0.00%,108004100,10.80,3.29,insn per cycle
    45.012536858,1882656993,,branches,0.00%,144000687,14.40,1882.168,M/sec
    45.012536858,7569001,,branch-misses,0.00%,180003471,18.00,0.40,of all branches
    45.012536858,7621383,,branch-load-misses,0.00%,179451923,17.94,7.619,M/sec
    45.012536858,2634,,cache-misses,0.00%,180002198,18.00,0.025,of all cache refs
    45.012536858,11112851,,cache-references,0.00%,145211079,14.52,11.110,M/sec
    45.012536858,2891815993,,cycles,0.00%,149203996,14.92,2.891,GHz
    45.012536858,0,,context-switches,0.00%,1000255161,100.00,0.000,K/sec
    45.012536858,1000.255166,,cpu-clock,0.00%,1000255340,100.00,1.000,CPUs utilized
    45.012536858,0,,minor-faults,0.00%,1000254837,100.00,0.000,K/sec
    45.012536858,0,,page-faults,0.00%,1000254350,100.00,0.000,K/sec
    45.012536858,1000.254830,,task-clock,0.00%,1000254829,100.00,1.000,CPUs utilized
    45.012536858,99717595,,bus-cycles,0.00%,153180093,15.31,99.692,M/sec
    45.012536858,2592958076,,ref-cycles,0.00%,193173561,19.31,2592.285,M/sec
    45.012536858,12031493,,L1-dcache-load-misses,0.00%,197148970,19.71,0.40,of all L1-dcache hits
    45.012536858,2973534749,,L1-dcache-loads,0.00%,199999470,20.00,2972.762,M/sec
    45.012536858,178746665,,L1-dcache-stores,0.00%,79996443,8.00,178.700,M/sec
    45.012536858,29832,,L1-icache-load-misses,0.00%,80000920,8.00,,
    45.012536858,1525,,LLC-load-misses,0.00%,79998066,8.00,0.02,of all LL-cache hits
    45.012536858,242,,LLC-store-misses,0.00%,120011788,12.00,0.242,K/sec
    45.012536858,4553859,,LLC-stores,0.00%,79999201,8.00,4.553,M/sec
    45.012536858,6608506,,LLC-loads,0.00%,79982935,8.00,6.607,M/sec
    45.012536858,178773888,,dTLB-stores,0.00%,79997935,8.00,178.727,M/sec
    45.012536858,775,,dTLB-load-misses,0.00%,80001732,8.00,,
    45.012536858,422,,dTLB-store-misses,0.00%,80494578,8.05,0.422,K/sec
    45.012536858,100,,iTLB-loads,0.00%,119997615,12.00,0.100,K/sec
    45.012536858,698,,iTLB-load-misses,0.00%,159132638,15.91,1254.39,of all iTLB cache hits
    45.012536858,632,,node-load-misses,0.00%,155147129,15.51,0.632,K/sec
    45.012536858,1813,,node-loads,0.00%,150648713,15.06,0.002,M/sec
    45.012536858,41,,node-store-misses,0.00%,72533657,7.25,0.041,K/sec
    45.012536858,597,,node-stores,0.00%,72017641,7.20,0.597,K/sec
    46.012802685,9577468532,,instructions,0.00%,120005013,12.00,3.32,insn per cycle
    46.012802685,1896510250,,branches,0.00%,159993683,16.00,1896.019,M/sec
    46.012802685,7627142,,branch-misses,0.00%,199993924,19.99,0.40,of all branches
    46.012802685,7626706,,branch-load-misses,0.00%,199999968,20.00,7.625,M/sec
    46.012802685,2110,,cache-misses,0.00%,199999820,20.00,0.020,of all cache refs
    46.012802685,11165373,,cache-references,0.00%,160009135,16.00,11.162,M/sec
    46.012802685,2891793214,,cycles,0.00%,160000265,16.00,2.891,GHz
    46.012802685,1,,context-switches,0.00%,1000229079,100.00,0.001,K/sec
    46.012802685,1000.229692,,cpu-clock,0.00%,1000229133,100.00,1.000,CPUs utilized
    46.012802685,0,,minor-faults,0.00%,1000229569,100.00,0.000,K/sec
    46.012802685,0,,page-faults,0.00%,1000242580,100.00,0.000,K/sec
    46.012802685,1000.242489,,task-clock,0.00%,1000242491,100.00,1.000,CPUs utilized
    46.012802685,99717079,,bus-cycles,0.00%,159995616,16.00,99.691,M/sec
    46.012802685,2592937874,,ref-cycles,0.00%,200003058,20.00,2592.266,M/sec
    46.012802685,11901828,,L1-dcache-load-misses,0.00%,200545374,20.05,0.40,of all L1-dcache hits
    46.012802685,2950368217,,L1-dcache-loads,0.00%,199993592,19.99,2949.603,M/sec
    46.012802685,178584561,,L1-dcache-stores,0.00%,78811297,7.88,178.538,M/sec
    46.012802685,29194,,L1-icache-load-misses,0.00%,75376588,7.54,,
    46.012802685,1542,,LLC-load-misses,0.00%,72006105,7.20,0.02,of all LL-cache hits
    46.012802685,194,,LLC-store-misses,0.00%,108455584,10.84,0.194,K/sec
    46.012802685,4445952,,LLC-stores,0.00%,72000778,7.20,4.445,M/sec
    46.012802685,6429208,,LLC-loads,0.00%,71543577,7.15,6.428,M/sec
    46.012802685,178800677,,dTLB-stores,0.00%,71991069,7.20,178.754,M/sec
    46.012802685,736,,dTLB-load-misses,0.00%,71996345,7.20,,
    46.012802685,0,,dTLB-store-misses,0.00%,71987471,7.20,0.000,K/sec
    46.012802685,120,,iTLB-loads,0.00%,108002363,10.80,0.120,K/sec
    46.012802685,552,,iTLB-load-misses,0.00%,144848604,14.48,967.68,of all iTLB cache hits
    46.012802685,161,,node-load-misses,0.00%,148854195,14.88,0.161,K/sec
    46.012802685,1597,,node-loads,0.00%,152852465,15.28,0.002,M/sec
    46.012802685,0,,node-store-misses,0.00%,79991507,8.00,0.000,K/sec
    46.012802685,300,,node-stores,0.00%,80006410,8.00,0.300,K/sec
    47.013084307,9563798461,,instructions,0.00%,119989064,12.00,3.32,insn per cycle
    47.013084307,1898346960,,branches,0.00%,159568633,15.95,1897.854,M/sec
    47.013084307,7571697,,branch-misses,0.00%,195569699,19.55,0.40,of all branches
    47.013084307,7570934,,branch-load-misses,0.00%,191588949,19.15,7.569,M/sec
    47.013084307,4418,,cache-misses,0.00%,187474462,18.74,0.042,of all cache refs
    47.013084307,10331530,,cache-references,0.00%,143995603,14.40,10.329,M/sec
    47.013084307,2891530102,,cycles,0.00%,143996915,14.40,2.891,GHz
    47.013084307,0,,context-switches,0.00%,1000295634,100.00,0.000,K/sec
    47.013084307,1000.298309,,cpu-clock,0.00%,1000298314,100.00,1.000,CPUs utilized
    47.013084307,0,,minor-faults,0.00%,1000298523,100.00,0.000,K/sec
    47.013084307,0,,page-faults,0.00%,1000286174,100.00,0.000,K/sec
    47.013084307,1000.286749,,task-clock,0.00%,1000286743,100.00,1.000,CPUs utilized
    47.013084307,99708287,,bus-cycles,0.00%,144002570,14.40,99.682,M/sec
    47.013084307,2592766720,,ref-cycles,0.00%,179991464,17.99,2592.093,M/sec
    47.013084307,11237543,,L1-dcache-load-misses,0.00%,179370350,17.93,0.38,of all L1-dcache hits
    47.013084307,2963649453,,L1-dcache-loads,0.00%,180005632,18.00,2962.879,M/sec
    47.013084307,172345194,,L1-dcache-stores,0.00%,72638043,7.26,172.300,M/sec
    47.013084307,32354,,L1-icache-load-misses,0.00%,76612666,7.66,,
    47.013084307,3213,,LLC-load-misses,0.00%,80003844,8.00,0.05,of all LL-cache hits
    47.013084307,125,,LLC-store-misses,0.00%,119999703,12.00,0.125,K/sec
    47.013084307,4302866,,LLC-stores,0.00%,80005947,8.00,4.302,M/sec
    47.013084307,6039255,,LLC-loads,0.00%,80022123,8.00,6.038,M/sec
    47.013084307,178500550,,dTLB-stores,0.00%,79989765,8.00,178.454,M/sec
    47.013084307,550,,dTLB-load-misses,0.00%,79970533,7.99,,
    47.013084307,0,,dTLB-store-misses,0.00%,80013788,8.00,0.000,K/sec
    47.013084307,42,,iTLB-loads,0.00%,120016229,12.00,0.042,K/sec
    47.013084307,238,,iTLB-load-misses,0.00%,160006194,16.00,419.58,of all iTLB cache hits
    47.013084307,69,,node-load-misses,0.00%,160022222,16.00,0.069,K/sec
    47.013084307,4214,,node-loads,0.00%,159998548,16.00,0.004,M/sec
    47.013084307,0,,node-store-misses,0.00%,79981717,8.00,0.000,K/sec
    47.013084307,1623,,node-stores,0.00%,80727655,8.07,0.002,M/sec
